SF_Version 0.9.3
19-Aug-2024 12:30:30
Temp(K) Pressure(MPa) Temp(K) Pressure(MPa)  Points 
273.1527 0.1000 239.1000 285.4072 912.0000
###########################################################
DV (m^3/kg)
-9.06865e-05
-9.08679e-05
-9.09434e-05
-9.10491e-05
-9.12299e-05
-9.14105e-05
-9.14273e-05
-9.15907e-05
-9.17707e-05
-9.19065e-05
-9.19504e-05
-9.21298e-05
-9.23089e-05
-9.23809e-05
-9.24878e-05
-9.26664e-05
-9.28447e-05
-9.28509e-05
-9.30227e-05
-9.32004e-05
-9.33163e-05
-9.33779e-05
-9.35551e-05
-9.37320e-05
-9.37774e-05
-9.39086e-05
-9.40850e-05
-9.42343e-05
-9.42611e-05
-9.44369e-05
-9.46124e-05
-9.46869e-05
-9.47877e-05
-9.49628e-05
-9.51356e-05
-9.51375e-05
-9.53120e-05
-9.54862e-05
-9.55801e-05
-9.56602e-05
-9.58339e-05
-9.60073e-05
-9.60207e-05
-9.61805e-05
-9.63534e-05
-9.64575e-05
-9.65261e-05
-9.66985e-05
-9.68706e-05
-9.68905e-05
-9.70425e-05
-9.72141e-05
-9.73197e-05
-9.73855e-05
-9.75566e-05
-9.77274e-05
-9.77453e-05
-9.78980e-05
-9.80684e-05
-9.81673e-05
-9.82385e-05
-9.84083e-05
-9.85779e-05
-9.85858e-05
-9.87472e-05
-9.89163e-05
-9.90008e-05
-9.90852e-05
-9.92538e-05
-9.94124e-05
-9.94221e-05
-9.95902e-05
-9.97580e-05
-9.98206e-05
-9.99256e-05
-1.00093e-04
-1.00226e-04
-1.00260e-04
-1.00427e-04
-1.00594e-04
-1.00627e-04
-1.00760e-04
-1.00926e-04
-1.01026e-04
-1.01092e-04
-1.01258e-04
-1.01421e-04
-1.01423e-04
-1.01588e-04
-1.01753e-04
-1.01814e-04
-1.01918e-04
-1.02082e-04
-1.02203e-04
-1.02246e-04
-1.02410e-04
-1.02574e-04
-1.02589e-04
-1.02737e-04
-1.02901e-04
-1.02973e-04
-1.03064e-04
-1.03226e-04
-1.03353e-04
-1.03389e-04
-1.03551e-04
-1.03713e-04
-1.03731e-04
-1.03875e-04
-1.04037e-04
-1.04106e-04
-1.04198e-04
-1.04359e-04
-1.04478e-04
-1.04520e-04
-1.04681e-04
-1.04841e-04
-1.04847e-04
-1.05001e-04
-1.05161e-04
-1.05213e-04
-1.05321e-04
-1.05481e-04
-1.05577e-04
-1.05640e-04
-1.05799e-04
-1.05939e-04
-1.05958e-04
-1.06116e-04
-1.06275e-04
-1.06298e-04
-1.06433e-04
-1.06591e-04
-1.06654e-04
-1.06748e-04
-1.06906e-04
-1.07007e-04
-1.07063e-04
-1.07220e-04
-1.07359e-04
-1.07377e-04
-1.07533e-04
-1.07690e-04
-1.07707e-04
-1.07846e-04
-1.08002e-04
-1.08054e-04
-1.08157e-04
-1.08313e-04
-1.08398e-04
-1.08468e-04
-1.08623e-04
-1.08739e-04
-1.08778e-04
-1.08932e-04
-1.09079e-04
-1.09086e-04
-1.09240e-04
-1.09394e-04
-1.09416e-04
-1.09548e-04
-1.09701e-04
-1.09750e-04
-1.09855e-04
-1.10008e-04
-1.10083e-04
-1.10160e-04
-1.10313e-04
-1.10413e-04
-1.10465e-04
-1.10617e-04
-1.10742e-04
-1.10769e-04
-1.10921e-04
-1.11068e-04
-1.11072e-04
-1.11224e-04
-1.11375e-04
-1.11391e-04
-1.11526e-04
-1.11676e-04
-1.11713e-04
-1.11827e-04
-1.11977e-04
-1.12033e-04
-1.12127e-04
-1.12277e-04
-1.12351e-04
-1.12426e-04
-1.12575e-04
-1.12666e-04
-1.12725e-04
-1.12873e-04
-1.12980e-04
-1.13022e-04
-1.13171e-04
-1.13292e-04
-1.13319e-04
-1.13467e-04
-1.13602e-04
-1.13615e-04
-1.13763e-04
-1.13910e-04
-1.13910e-04
-1.14057e-04
-1.14204e-04
-1.14216e-04
-1.14351e-04
-1.14498e-04
-1.14520e-04
-1.14644e-04
-1.14791e-04
-1.14822e-04
-1.14937e-04
-1.15083e-04
-1.15123e-04
-1.15228e-04
-1.15374e-04
-1.15421e-04
-1.15519e-04
-1.15664e-04
-1.15718e-04
-1.15809e-04
-1.15954e-04
-1.16014e-04
-1.16098e-04
-1.16242e-04
-1.16307e-04
-1.16386e-04
-1.16530e-04
-1.16599e-04
-1.16674e-04
-1.16817e-04
-1.16889e-04
-1.16961e-04
-1.17104e-04
-1.17177e-04
-1.17247e-04
-1.17389e-04
-1.17464e-04
-1.17532e-04
-1.17674e-04
-1.17749e-04
-1.17816e-04
-1.17958e-04
-1.18032e-04
-1.18100e-04
-1.18242e-04
-1.18314e-04
-1.18383e-04
-1.18524e-04
-1.18595e-04
-1.18665e-04
-1.18806e-04
-1.18873e-04
-1.18947e-04
-1.19087e-04
-1.19151e-04
-1.19227e-04
-1.19367e-04
-1.19426e-04
-1.19507e-04
-1.19647e-04
-1.19700e-04
-1.19786e-04
-1.19926e-04
-1.19973e-04
-1.20065e-04
-1.20204e-04
-1.20244e-04
-1.20343e-04
-1.20481e-04
-1.20514e-04
-1.20620e-04
-1.20758e-04
-1.20782e-04
-1.20896e-04
-1.21034e-04
-1.21049e-04
-1.21172e-04
-1.21309e-04
-1.21315e-04
-1.21447e-04
-1.21579e-04
-1.21584e-04
-1.21721e-04
-1.21842e-04
-1.21858e-04
-1.21995e-04
-1.22103e-04
-1.22131e-04
-1.22268e-04
-1.22363e-04
-1.22404e-04
-1.22540e-04
-1.22622e-04
-1.22675e-04
-1.22811e-04
-1.22879e-04
-1.22947e-04
-1.23082e-04
-1.23135e-04
-1.23217e-04
-1.23352e-04
-1.23390e-04
-1.23487e-04
-1.23622e-04
-1.23643e-04
-1.23756e-04
-1.23890e-04
-1.23896e-04
-1.24024e-04
-1.24147e-04
-1.24158e-04
-1.24292e-04
-1.24396e-04
-1.24426e-04
-1.24559e-04
-1.24645e-04
-1.24693e-04
-1.24826e-04
-1.24892e-04
-1.24959e-04
-1.25092e-04
-1.25138e-04
-1.25224e-04
-1.25357e-04
-1.25383e-04
-1.25489e-04
-1.25621e-04
-1.25627e-04
-1.25753e-04
-1.25869e-04
-1.25885e-04
-1.26017e-04
-1.26111e-04
-1.26148e-04
-1.26280e-04
-1.26351e-04
-1.26411e-04
-1.26542e-04
-1.26590e-04
-1.26673e-04
-1.26804e-04
-1.26828e-04
-1.26934e-04
-1.27065e-04
-1.27065e-04
-1.27195e-04
-1.27300e-04
-1.27325e-04
-1.27455e-04
-1.27535e-04
-1.27585e-04
-1.27715e-04
-1.27769e-04
-1.27844e-04
-1.27973e-04
-1.28001e-04
-1.28103e-04
-1.28232e-04
-1.28232e-04
-1.28361e-04
-1.28463e-04
-1.28489e-04
-1.28618e-04
-1.28692e-04
-1.28746e-04
-1.28875e-04
-1.28920e-04
-1.29003e-04
-1.29131e-04
-1.29148e-04
-1.29259e-04
-1.29374e-04
-1.29386e-04
-1.29514e-04
-1.29599e-04
-1.29641e-04
-1.29769e-04
-1.29823e-04
-1.29896e-04
-1.30023e-04
-1.30047e-04
-1.30149e-04
-1.30269e-04
-1.30276e-04
-1.30403e-04
-1.30490e-04
-1.30529e-04
-1.30655e-04
-1.30710e-04
-1.30781e-04
-1.30907e-04
-1.30930e-04
-1.31033e-04
-1.31148e-04
-1.31159e-04
-1.31284e-04
-1.31366e-04
-1.31410e-04
-1.31535e-04
-1.31582e-04
-1.31660e-04
-1.31785e-04
-1.31798e-04
-1.31910e-04
-1.32013e-04
-1.32034e-04
-1.32159e-04
-1.32226e-04
-1.32283e-04
-1.32408e-04
-1.32439e-04
-1.32532e-04
-1.32651e-04
-1.32656e-04
-1.32780e-04
-1.32862e-04
-1.32903e-04
-1.33027e-04
-1.33073e-04
-1.33150e-04
-1.33274e-04
-1.33282e-04
-1.33397e-04
-1.33490e-04
-1.33520e-04
-1.33643e-04
-1.33698e-04
-1.33765e-04
-1.33888e-04
-1.33905e-04
-1.34010e-04
-1.34111e-04
-1.34133e-04
-1.34255e-04
-1.34316e-04
-1.34377e-04
-1.34499e-04
-1.34520e-04
-1.34621e-04
-1.34724e-04
-1.34742e-04
-1.34864e-04
-1.34926e-04
-1.34985e-04
-1.35107e-04
-1.35128e-04
-1.35228e-04
-1.35329e-04
-1.35349e-04
-1.35470e-04
-1.35529e-04
-1.35590e-04
-1.35711e-04
-1.35729e-04
-1.35832e-04
-1.35927e-04
-1.35952e-04
-1.36072e-04
-1.36125e-04
-1.36192e-04
-1.36312e-04
-1.36322e-04
-1.36432e-04
-1.36519e-04
-1.36552e-04
-1.36671e-04
-1.36714e-04
-1.36791e-04
-1.36909e-04
-1.36910e-04
-1.37029e-04
-1.37103e-04
-1.37149e-04
-1.37267e-04
-1.37296e-04
-1.37386e-04
-1.37489e-04
-1.37505e-04
-1.37624e-04
-1.37681e-04
-1.37742e-04
-1.37861e-04
-1.37872e-04
-1.37979e-04
-1.38062e-04
-1.38097e-04
-1.38215e-04
-1.38252e-04
-1.38333e-04
-1.38441e-04
-1.38451e-04
-1.38568e-04
-1.38629e-04
-1.38686e-04
-1.38803e-04
-1.38817e-04
-1.38920e-04
-1.39004e-04
-1.39038e-04
-1.39155e-04
-1.39190e-04
-1.39272e-04
-1.39376e-04
-1.39388e-04
-1.39505e-04
-1.39561e-04
-1.39622e-04
-1.39738e-04
-1.39745e-04
-1.39855e-04
-1.39928e-04
-1.39971e-04
-1.40087e-04
-1.40111e-04
-1.40203e-04
-1.40294e-04
-1.40319e-04
-1.40435e-04
-1.40475e-04
-1.40551e-04
-1.40656e-04
-1.40666e-04
-1.40782e-04
-1.40836e-04
-1.40897e-04
-1.41012e-04
-1.41016e-04
-1.41127e-04
-1.41195e-04
-1.41242e-04
-1.41357e-04
-1.41374e-04
-1.41472e-04
-1.41552e-04
-1.41587e-04
-1.41702e-04
-1.41729e-04
-1.41816e-04
-1.41905e-04
-1.41930e-04
-1.42045e-04
-1.42081e-04
-1.42159e-04
-1.42257e-04
-1.42273e-04
-1.42387e-04
-1.42432e-04
-1.42501e-04
-1.42606e-04
-1.42614e-04
-1.42728e-04
-1.42779e-04
-1.42842e-04
-1.42952e-04
-1.42955e-04
-1.43068e-04
-1.43125e-04
-1.43182e-04
-1.43295e-04
-1.43297e-04
-1.43408e-04
-1.43468e-04
-1.43521e-04
-1.43634e-04
-1.43639e-04
-1.43746e-04
-1.43809e-04
-1.43859e-04
-1.43971e-04
-1.43978e-04
-1.44084e-04
-1.44147e-04
-1.44196e-04
-1.44308e-04
-1.44316e-04
-1.44420e-04
-1.44484e-04
-1.44532e-04
-1.44644e-04
-1.44651e-04
-1.44756e-04
-1.44818e-04
-1.44868e-04
-1.44979e-04
-1.44984e-04
-1.45091e-04
-1.45150e-04
-1.45202e-04
-1.45313e-04
-1.45315e-04
-1.45425e-04
-1.45480e-04
-1.45536e-04
-1.45644e-04
-1.45647e-04
-1.45758e-04
-1.45808e-04
-1.45868e-04
-1.45971e-04
-1.45979e-04
-1.46090e-04
-1.46133e-04
-1.46200e-04
-1.46295e-04
-1.46310e-04
-1.46421e-04
-1.46457e-04
-1.46531e-04
-1.46618e-04
-1.46641e-04
-1.46751e-04
-1.46778e-04
-1.46861e-04
-1.46938e-04
-1.46971e-04
-1.47080e-04
-1.47098e-04
-1.47190e-04
-1.47257e-04
-1.47300e-04
-1.47409e-04
-1.47415e-04
-1.47518e-04
-1.47573e-04
-1.47627e-04
-1.47731e-04
-1.47737e-04
-1.47846e-04
-1.47888e-04
-1.47955e-04
-1.48044e-04
-1.48063e-04
-1.48172e-04
-1.48200e-04
-1.48281e-04
-1.48356e-04
-1.48389e-04
-1.48498e-04
-1.48511e-04
-1.48606e-04
-1.48665e-04
-1.48714e-04
-1.48820e-04
-1.48822e-04
-1.48930e-04
-1.48973e-04
-1.49038e-04
-1.49126e-04
-1.49146e-04
-1.49254e-04
-1.49279e-04
-1.49362e-04
-1.49431e-04
-1.49469e-04
-1.49577e-04
-1.49583e-04
-1.49684e-04
-1.49734e-04
-1.49792e-04
-1.49885e-04
-1.49899e-04
-1.50006e-04
-1.50035e-04
-1.50113e-04
-1.50185e-04
-1.50220e-04
-1.50327e-04
-1.50335e-04
-1.50433e-04
-1.50484e-04
-1.50540e-04
-1.50632e-04
-1.50647e-04
-1.50753e-04
-1.50781e-04
-1.50859e-04
-1.50928e-04
-1.50966e-04
-1.51072e-04
-1.51076e-04
-1.51178e-04
-1.51222e-04
-1.51284e-04
-1.51369e-04
-1.51390e-04
-1.51496e-04
-1.51515e-04
-1.51601e-04
-1.51660e-04
-1.51707e-04
-1.51805e-04
-1.51813e-04
-1.51918e-04
-1.51950e-04
-1.52023e-04
-1.52094e-04
-1.52129e-04
-1.52234e-04
-1.52238e-04
-1.52339e-04
-1.52381e-04
-1.52444e-04
-1.52524e-04
-1.52549e-04
-1.52654e-04
-1.52667e-04
-1.52758e-04
-1.52809e-04
-1.52863e-04
-1.52951e-04
-1.52968e-04
-1.53072e-04
-1.53092e-04
-1.53176e-04
-1.53233e-04
-1.53281e-04
-1.53373e-04
-1.53385e-04
-1.53489e-04
-1.53513e-04
-1.53593e-04
-1.53653e-04
-1.53697e-04
-1.53792e-04
-1.53801e-04
-1.53905e-04
-1.53931e-04
-1.54008e-04
-1.54070e-04
-1.54112e-04
-1.54208e-04
-1.54215e-04
-1.54319e-04
-1.54345e-04
-1.54422e-04
-1.54483e-04
-1.54525e-04
-1.54620e-04
-1.54628e-04
-1.54731e-04
-1.54756e-04
-1.54834e-04
-1.54892e-04
-1.54937e-04
-1.55028e-04
-1.55040e-04
-1.55142e-04
-1.55163e-04
-1.55245e-04
-1.55298e-04
-1.55347e-04
-1.55433e-04
-1.55450e-04
-1.55552e-04
-1.55567e-04
-1.55654e-04
-1.55701e-04
-1.55757e-04
-1.55834e-04
-1.55859e-04
-1.55961e-04
-1.55967e-04
-1.56062e-04
-1.56100e-04
-1.56164e-04
-1.56233e-04
-1.56266e-04
-1.56364e-04
-1.56368e-04
-1.56469e-04
-1.56496e-04
-1.56571e-04
-1.56627e-04
-1.56672e-04
-1.56758e-04
-1.56773e-04
-1.56874e-04
-1.56889e-04
-1.56975e-04
-1.57019e-04
-1.57076e-04
-1.57149e-04
-1.57177e-04
-1.57278e-04
-1.57278e-04
-1.57379e-04
-1.57407e-04
-1.57480e-04
-1.57536e-04
-1.57580e-04
-1.57664e-04
-1.57681e-04
-1.57781e-04
-1.57792e-04
-1.57881e-04
-1.57920e-04
-1.57982e-04
-1.58047e-04
-1.58082e-04
-1.58174e-04
-1.58182e-04
-1.58282e-04
-1.58301e-04
-1.58382e-04
-1.58427e-04
-1.58482e-04
-1.58553e-04
-1.58581e-04
-1.58678e-04
-1.58681e-04
-1.58781e-04
-1.58804e-04
-1.58880e-04
-1.58929e-04
-1.58979e-04
-1.59053e-04
-1.59079e-04
-1.59177e-04
-1.59178e-04
-1.59277e-04
-1.59301e-04
-1.59376e-04
-1.59425e-04
-1.59475e-04
-1.59548e-04
-1.59574e-04
-1.59671e-04
-1.59673e-04
-1.59771e-04
-1.59793e-04
-1.59870e-04
-1.59916e-04
-1.59969e-04
-1.60038e-04
-1.60067e-04
-1.60159e-04
-1.60165e-04
-1.60264e-04
-1.60280e-04
-1.60362e-04
-1.60401e-04
-1.60460e-04
-1.60522e-04
-1.60558e-04
-1.60642e-04
-1.60656e-04
-1.60754e-04
-1.60762e-04
-1.60852e-04
-1.60882e-04
-1.60950e-04
-1.61001e-04
-1.61047e-04
-1.61120e-04
-1.61145e-04
-1.61239e-04
-1.61242e-04
-1.61340e-04
-1.61358e-04
-1.61437e-04
-1.61476e-04
-1.61534e-04
-1.61594e-04
-1.61632e-04
-1.61711e-04
-1.61729e-04
-1.61826e-04
-1.61828e-04
-1.61923e-04
-1.61945e-04
-1.62019e-04
-1.62062e-04
-1.62116e-04
-1.62178e-04
-1.62213e-04
-1.62294e-04
-1.62310e-04
-1.62406e-04
-1.62410e-04
-1.62503e-04
-1.62525e-04
-1.62599e-04
-1.62640e-04
-1.62695e-04
-1.62755e-04
-1.62792e-04
-1.62870e-04
-1.62888e-04
-1.62984e-04
-1.62984e-04
-1.63080e-04
-1.63098e-04
-1.63176e-04
-1.63212e-04
-1.63272e-04
-1.63325e-04
-1.63367e-04
-1.63438e-04
-1.63463e-04
-1.63551e-04
-1.63559e-04
-1.63654e-04
-1.63663e-04
-1.63750e-04
-1.63776e-04
-1.63845e-04
-1.63888e-04
-1.63941e-04
-1.63999e-04
