SF_Version 0.9.3
19-Aug-2024 12:30:30
Temp(K) Pressure(MPa) Temp(K) Pressure(MPa)  Points 
258.1601 495.0000 228.2842 100.0000 1090.0000
###########################################################
DV (m^3/kg)
1.16996e-05
1.17100e-05
1.17205e-05
1.17220e-05
1.17309e-05
1.17414e-05
1.17518e-05
1.17591e-05
1.17623e-05
1.17728e-05
1.17832e-05
1.17937e-05
1.17962e-05
1.18042e-05
1.18146e-05
1.18251e-05
1.18332e-05
1.18356e-05
1.18461e-05
1.18566e-05
1.18671e-05
1.18702e-05
1.18776e-05
1.18881e-05
1.18986e-05
1.19071e-05
1.19091e-05
1.19196e-05
1.19301e-05
1.19407e-05
1.19439e-05
1.19512e-05
1.19617e-05
1.19722e-05
1.19807e-05
1.19828e-05
1.19933e-05
1.20039e-05
1.20144e-05
1.20174e-05
1.20250e-05
1.20355e-05
1.20461e-05
1.20541e-05
1.20566e-05
1.20672e-05
1.20778e-05
1.20883e-05
1.20907e-05
1.20989e-05
1.21095e-05
1.21201e-05
1.21272e-05
1.21307e-05
1.21413e-05
1.21519e-05
1.21625e-05
1.21637e-05
1.21731e-05
1.21837e-05
1.21943e-05
1.22002e-05
1.22049e-05
1.22155e-05
1.22261e-05
1.22366e-05
1.22368e-05
1.22474e-05
1.22580e-05
1.22687e-05
1.22729e-05
1.22793e-05
1.22899e-05
1.23006e-05
1.23092e-05
1.23112e-05
1.23219e-05
1.23326e-05
1.23432e-05
1.23454e-05
1.23539e-05
1.23646e-05
1.23752e-05
1.23816e-05
1.23859e-05
1.23966e-05
1.24073e-05
1.24177e-05
1.24180e-05
1.24287e-05
1.24394e-05
1.24501e-05
1.24538e-05
1.24608e-05
1.24715e-05
1.24822e-05
1.24898e-05
1.24929e-05
1.25036e-05
1.25144e-05
1.25251e-05
1.25257e-05
1.25358e-05
1.25466e-05
1.25573e-05
1.25616e-05
1.25680e-05
1.25788e-05
1.25895e-05
1.25975e-05
1.26003e-05
1.26111e-05
1.26218e-05
1.26326e-05
1.26333e-05
1.26434e-05
1.26541e-05
1.26649e-05
1.26691e-05
1.26757e-05
1.26865e-05
1.26973e-05
1.27048e-05
1.27081e-05
1.27189e-05
1.27297e-05
1.27404e-05
1.27405e-05
1.27513e-05
1.27621e-05
1.27729e-05
1.27760e-05
1.27837e-05
1.27945e-05
1.28054e-05
1.28116e-05
1.28162e-05
1.28270e-05
1.28379e-05
1.28471e-05
1.28487e-05
1.28596e-05
1.28704e-05
1.28813e-05
1.28826e-05
1.28921e-05
1.29030e-05
1.29139e-05
1.29180e-05
1.29247e-05
1.29356e-05
1.29465e-05
1.29534e-05
1.29574e-05
1.29683e-05
1.29792e-05
1.29887e-05
1.29901e-05
1.30010e-05
1.30119e-05
1.30228e-05
1.30240e-05
1.30337e-05
1.30446e-05
1.30555e-05
1.30592e-05
1.30664e-05
1.30774e-05
1.30883e-05
1.30944e-05
1.30992e-05
1.31102e-05
1.31211e-05
1.31295e-05
1.31320e-05
1.31430e-05
1.31539e-05
1.31646e-05
1.31649e-05
1.31759e-05
1.31868e-05
1.31978e-05
1.31997e-05
1.32088e-05
1.32197e-05
1.32307e-05
1.32347e-05
1.32417e-05
1.32527e-05
1.32637e-05
1.32696e-05
1.32747e-05
1.32857e-05
1.32967e-05
1.33046e-05
1.33077e-05
1.33187e-05
1.33297e-05
1.33394e-05
1.33408e-05
1.33518e-05
1.33628e-05
1.33739e-05
1.33743e-05
1.33849e-05
1.33959e-05
1.34070e-05
1.34090e-05
1.34180e-05
1.34291e-05
1.34401e-05
1.34438e-05
1.34512e-05
1.34623e-05
1.34733e-05
1.34785e-05
1.34844e-05
1.34955e-05
1.35066e-05
1.35132e-05
1.35177e-05
1.35287e-05
1.35398e-05
1.35478e-05
1.35509e-05
1.35620e-05
1.35731e-05
1.35824e-05
1.35843e-05
1.35954e-05
1.36065e-05
1.36169e-05
1.36176e-05
1.36287e-05
1.36399e-05
1.36510e-05
1.36514e-05
1.36621e-05
1.36733e-05
1.36844e-05
1.36858e-05
1.36956e-05
1.37067e-05
1.37179e-05
1.37203e-05
1.37291e-05
1.37402e-05
1.37514e-05
1.37546e-05
1.37626e-05
1.37737e-05
1.37849e-05
1.37890e-05
1.37961e-05
1.38073e-05
1.38185e-05
1.38233e-05
1.38297e-05
1.38409e-05
1.38521e-05
1.38575e-05
1.38633e-05
1.38745e-05
1.38858e-05
1.38918e-05
1.38970e-05
1.39082e-05
1.39195e-05
1.39259e-05
1.39307e-05
1.39419e-05
1.39532e-05
1.39601e-05
1.39644e-05
1.39757e-05
1.39869e-05
1.39942e-05
1.39982e-05
1.40095e-05
1.40207e-05
1.40283e-05
1.40320e-05
1.40433e-05
1.40546e-05
1.40623e-05
1.40659e-05
1.40772e-05
1.40884e-05
1.40963e-05
1.40997e-05
1.41111e-05
1.41224e-05
1.41303e-05
1.41337e-05
1.41450e-05
1.41563e-05
1.41642e-05
1.41676e-05
1.41790e-05
1.41903e-05
1.41981e-05
1.42016e-05
1.42130e-05
1.42243e-05
1.42319e-05
1.42357e-05
1.42470e-05
1.42584e-05
1.42657e-05
1.42698e-05
1.42811e-05
1.42925e-05
1.42995e-05
1.43039e-05
1.43153e-05
1.43266e-05
1.43333e-05
1.43380e-05
1.43494e-05
1.43608e-05
1.43670e-05
1.43722e-05
1.43836e-05
1.43950e-05
1.44007e-05
1.44065e-05
1.44179e-05
1.44293e-05
1.44343e-05
1.44407e-05
1.44522e-05
1.44636e-05
1.44679e-05
1.44750e-05
1.44865e-05
1.44979e-05
1.45015e-05
1.45094e-05
1.45208e-05
1.45323e-05
1.45350e-05
1.45438e-05
1.45552e-05
1.45667e-05
1.45685e-05
1.45782e-05
1.45897e-05
1.46012e-05
1.46020e-05
1.46127e-05
1.46242e-05
1.46355e-05
1.46357e-05
1.46472e-05
1.46587e-05
1.46689e-05
1.46702e-05
1.46817e-05
1.46932e-05
1.47022e-05
1.47048e-05
1.47163e-05
1.47278e-05
1.47356e-05
1.47394e-05
1.47509e-05
1.47625e-05
1.47689e-05
1.47740e-05
1.47856e-05
1.47971e-05
1.48022e-05
1.48087e-05
1.48203e-05
1.48319e-05
1.48354e-05
1.48434e-05
1.48550e-05
1.48666e-05
1.48687e-05
1.48782e-05
1.48898e-05
1.49014e-05
1.49018e-05
1.49130e-05
1.49246e-05
1.49350e-05
1.49363e-05
1.49479e-05
1.49595e-05
1.49681e-05
1.49711e-05
1.49828e-05
1.49944e-05
1.50012e-05
1.50061e-05
1.50177e-05
1.50294e-05
1.50343e-05
1.50410e-05
1.50527e-05
1.50643e-05
1.50673e-05
1.50760e-05
1.50877e-05
1.50994e-05
1.51003e-05
1.51110e-05
1.51227e-05
1.51333e-05
1.51344e-05
1.51461e-05
1.51578e-05
1.51663e-05
1.51695e-05
1.51813e-05
1.51930e-05
1.51992e-05
1.52047e-05
1.52164e-05
1.52281e-05
1.52321e-05
1.52399e-05
1.52516e-05
1.52634e-05
1.52650e-05
1.52751e-05
1.52869e-05
1.52978e-05
1.52986e-05
1.53104e-05
1.53221e-05
1.53306e-05
1.53339e-05
1.53457e-05
1.53575e-05
1.53634e-05
1.53693e-05
1.53810e-05
1.53928e-05
1.53961e-05
1.54046e-05
1.54164e-05
1.54283e-05
1.54288e-05
1.54401e-05
1.54519e-05
1.54615e-05
1.54637e-05
1.54755e-05
1.54874e-05
1.54942e-05
1.54992e-05
1.55110e-05
1.55229e-05
1.55268e-05
1.55347e-05
1.55466e-05
1.55584e-05
1.55595e-05
1.55703e-05
1.55822e-05
1.55920e-05
1.55941e-05
1.56059e-05
1.56178e-05
1.56246e-05
1.56297e-05
1.56416e-05
1.56535e-05
1.56571e-05
1.56654e-05
1.56773e-05
1.56892e-05
1.56896e-05
1.57011e-05
1.57130e-05
1.57221e-05
1.57250e-05
1.57369e-05
1.57488e-05
1.57546e-05
1.57608e-05
1.57727e-05
1.57847e-05
1.57870e-05
1.57966e-05
1.58086e-05
1.58194e-05
1.58205e-05
1.58325e-05
1.58445e-05
1.58518e-05
1.58564e-05
1.58684e-05
1.58804e-05
1.58841e-05
1.58924e-05
1.59044e-05
1.59164e-05
1.59165e-05
1.59284e-05
1.59404e-05
1.59488e-05
1.59524e-05
1.59644e-05
1.59765e-05
1.59810e-05
1.59885e-05
1.60005e-05
1.60126e-05
1.60133e-05
1.60246e-05
1.60367e-05
1.60455e-05
1.60487e-05
1.60608e-05
1.60728e-05
1.60777e-05
1.60849e-05
1.60970e-05
1.61090e-05
1.61099e-05
1.61211e-05
1.61332e-05
1.61421e-05
1.61453e-05
1.61574e-05
1.61695e-05
1.61742e-05
1.61816e-05
1.61937e-05
1.62058e-05
1.62063e-05
1.62180e-05
1.62301e-05
1.62384e-05
1.62422e-05
1.62543e-05
1.62665e-05
1.62704e-05
1.62786e-05
1.62908e-05
1.63024e-05
1.63029e-05
1.63151e-05
1.63272e-05
1.63345e-05
1.63394e-05
1.63516e-05
1.63638e-05
1.63664e-05
1.63759e-05
1.63881e-05
1.63984e-05
1.64003e-05
1.64125e-05
1.64247e-05
1.64303e-05
1.64369e-05
1.64491e-05
1.64613e-05
1.64622e-05
1.64736e-05
1.64858e-05
1.64941e-05
1.64980e-05
1.65103e-05
1.65225e-05
1.65260e-05
1.65347e-05
1.65470e-05
1.65578e-05
1.65592e-05
1.65715e-05
1.65838e-05
1.65897e-05
1.65960e-05
1.66083e-05
1.66206e-05
1.66215e-05
1.66329e-05
1.66452e-05
1.66532e-05
1.66574e-05
1.66697e-05
1.66820e-05
1.66850e-05
1.66944e-05
1.67067e-05
1.67167e-05
1.67190e-05
1.67313e-05
1.67436e-05
1.67484e-05
1.67560e-05
1.67683e-05
1.67801e-05
1.67806e-05
1.67930e-05
1.68053e-05
1.68118e-05
1.68177e-05
1.68301e-05
1.68424e-05
1.68434e-05
1.68548e-05
1.68672e-05
1.68750e-05
1.68795e-05
1.68919e-05
1.69043e-05
1.69066e-05
1.69167e-05
1.69291e-05
1.69382e-05
1.69415e-05
1.69539e-05
1.69663e-05
1.69697e-05
1.69788e-05
1.69912e-05
1.70013e-05
1.70036e-05
1.70160e-05
1.70285e-05
1.70328e-05
1.70409e-05
1.70534e-05
1.70643e-05
1.70658e-05
1.70783e-05
1.70908e-05
1.70957e-05
1.71032e-05
1.71157e-05
1.71272e-05
1.71282e-05
1.71407e-05
1.71531e-05
1.71586e-05
1.71656e-05
1.71781e-05
1.71900e-05
1.71906e-05
1.72031e-05
1.72157e-05
1.72214e-05
1.72282e-05
1.72407e-05
1.72528e-05
1.72532e-05
1.72658e-05
1.72783e-05
1.72841e-05
1.72908e-05
1.73034e-05
1.73154e-05
1.73159e-05
1.73285e-05
1.73411e-05
1.73467e-05
1.73536e-05
1.73662e-05
1.73780e-05
1.73788e-05
1.73914e-05
1.74040e-05
1.74093e-05
1.74165e-05
1.74291e-05
1.74405e-05
1.74417e-05
1.74544e-05
1.74670e-05
1.74717e-05
1.74796e-05
1.74922e-05
1.75029e-05
1.75048e-05
1.75175e-05
1.75301e-05
1.75341e-05
1.75428e-05
1.75554e-05
1.75653e-05
1.75681e-05
1.75807e-05
1.75934e-05
1.75964e-05
1.76061e-05
1.76187e-05
1.76275e-05
1.76314e-05
1.76441e-05
1.76568e-05
1.76586e-05
1.76695e-05
1.76822e-05
1.76897e-05
1.76949e-05
1.77076e-05
1.77203e-05
1.77208e-05
1.77330e-05
1.77458e-05
1.77518e-05
1.77585e-05
1.77712e-05
1.77828e-05
1.77840e-05
1.77967e-05
1.78095e-05
1.78139e-05
1.78222e-05
1.78350e-05
1.78448e-05
1.78477e-05
1.78605e-05
1.78733e-05
1.78758e-05
1.78861e-05
1.78989e-05
1.79068e-05
1.79117e-05
1.79245e-05
1.79373e-05
1.79377e-05
1.79501e-05
1.79629e-05
1.79686e-05
1.79757e-05
1.79885e-05
1.79995e-05
1.80014e-05
1.80142e-05
1.80270e-05
1.80304e-05
1.80399e-05
1.80527e-05
1.80613e-05
1.80656e-05
1.80784e-05
1.80913e-05
1.80921e-05
1.81042e-05
1.81171e-05
1.81230e-05
1.81299e-05
1.81428e-05
1.81538e-05
1.81557e-05
1.81686e-05
1.81815e-05
1.81846e-05
1.81944e-05
1.82074e-05
1.82154e-05
1.82203e-05
1.82332e-05
1.82461e-05
1.82461e-05
1.82591e-05
1.82720e-05
1.82769e-05
1.82850e-05
1.82979e-05
1.83076e-05
1.83109e-05
1.83238e-05
1.83368e-05
1.83383e-05
1.83498e-05
1.83628e-05
1.83690e-05
1.83757e-05
1.83887e-05
1.83997e-05
1.84017e-05
1.84147e-05
1.84277e-05
1.84304e-05
1.84407e-05
1.84538e-05
1.84610e-05
1.84668e-05
1.84798e-05
1.84916e-05
1.84928e-05
1.85059e-05
1.85189e-05
1.85222e-05
1.85320e-05
1.85450e-05
1.85528e-05
1.85581e-05
1.85712e-05
1.85834e-05
1.85842e-05
1.85973e-05
1.86104e-05
1.86140e-05
1.86235e-05
1.86366e-05
1.86445e-05
1.86497e-05
1.86628e-05
1.86751e-05
1.86759e-05
1.86890e-05
1.87021e-05
1.87056e-05
1.87152e-05
1.87284e-05
1.87361e-05
1.87415e-05
1.87547e-05
1.87666e-05
1.87678e-05
1.87810e-05
1.87941e-05
1.87971e-05
1.88073e-05
1.88205e-05
1.88275e-05
1.88336e-05
1.88468e-05
1.88580e-05
1.88600e-05
1.88732e-05
1.88864e-05
1.88884e-05
1.88996e-05
1.89128e-05
1.89188e-05
1.89260e-05
1.89392e-05
1.89492e-05
1.89525e-05
1.89657e-05
1.89789e-05
1.89796e-05
1.89922e-05
1.90054e-05
1.90100e-05
1.90187e-05
1.90319e-05
1.90403e-05
1.90452e-05
1.90585e-05
1.90707e-05
1.90718e-05
1.90850e-05
1.90983e-05
1.91010e-05
1.91116e-05
1.91249e-05
1.91313e-05
1.91382e-05
1.91515e-05
1.91616e-05
1.91648e-05
1.91782e-05
1.91915e-05
1.91919e-05
1.92048e-05
1.92182e-05
1.92221e-05
1.92315e-05
1.92449e-05
1.92524e-05
1.92582e-05
1.92716e-05
1.92826e-05
1.92849e-05
1.92983e-05
1.93117e-05
1.93128e-05
1.93251e-05
1.93385e-05
1.93430e-05
1.93519e-05
1.93653e-05
1.93732e-05
1.93787e-05
1.93921e-05
1.94034e-05
1.94055e-05
1.94189e-05
1.94323e-05
1.94336e-05
1.94458e-05
1.94592e-05
1.94637e-05
1.94727e-05
1.94861e-05
1.94939e-05
1.94996e-05
1.95130e-05
1.95240e-05
1.95265e-05
1.95400e-05
1.95534e-05
1.95541e-05
1.95669e-05
1.95804e-05
1.95842e-05
1.95939e-05
1.96074e-05
1.96143e-05
1.96209e-05
1.96344e-05
1.96444e-05
1.96480e-05
1.96615e-05
1.96744e-05
1.96750e-05
1.96885e-05
1.97021e-05
1.97045e-05
1.97156e-05
1.97292e-05
1.97345e-05
1.97428e-05
1.97563e-05
1.97645e-05
1.97699e-05
1.97835e-05
1.97945e-05
1.97970e-05
1.98106e-05
1.98242e-05
1.98245e-05
1.98378e-05
1.98514e-05
1.98545e-05
1.98650e-05
1.98787e-05
1.98844e-05
1.98923e-05
1.99059e-05
1.99144e-05
1.99195e-05
1.99332e-05
1.99443e-05
1.99468e-05
1.99605e-05
1.99741e-05
1.99742e-05
1.99878e-05
2.00015e-05
2.00041e-05
2.00152e-05
2.00288e-05
2.00340e-05
2.00425e-05
2.00562e-05
2.00639e-05
2.00699e-05
2.00836e-05
2.00938e-05
2.00973e-05
2.01110e-05
2.01237e-05
2.01248e-05
2.01385e-05
2.01522e-05
2.01535e-05
2.01660e-05
2.01797e-05
2.01833e-05
2.01935e-05
2.02072e-05
2.02132e-05
2.02210e-05
2.02347e-05
2.02430e-05
2.02485e-05
2.02623e-05
2.02728e-05
2.02761e-05
2.02899e-05
2.03026e-05
2.03037e-05
2.03175e-05
2.03313e-05
2.03323e-05
2.03451e-05
2.03589e-05
2.03621e-05
2.03728e-05
2.03866e-05
2.03918e-05
2.04004e-05
2.04143e-05
2.04216e-05
2.04281e-05
2.04420e-05
2.04513e-05
2.04559e-05
2.04697e-05
2.04810e-05
2.04836e-05
2.04975e-05
2.05107e-05
2.05114e-05
2.05253e-05
2.05392e-05
2.05404e-05
2.05531e-05
2.05670e-05
2.05701e-05
2.05809e-05
2.05948e-05
2.05997e-05
2.06087e-05
2.06227e-05
2.06294e-05
2.06366e-05
2.06506e-05
2.06590e-05
2.06645e-05
2.06785e-05
2.06887e-05
2.06924e-05
2.07064e-05
2.07183e-05
2.07204e-05
2.07344e-05
2.07479e-05
2.07484e-05
2.07624e-05
2.07764e-05
2.07775e-05
2.07904e-05
2.08044e-05
2.08071e-05
2.08184e-05
2.08324e-05
2.08366e-05
2.08465e-05
2.08605e-05
2.08662e-05
2.08745e-05
2.08886e-05
2.08958e-05
2.09027e-05
2.09167e-05
2.09253e-05
2.09308e-05
2.09449e-05
2.09548e-05
2.09589e-05
2.09730e-05
2.09843e-05
2.09871e-05
2.10012e-05
2.10138e-05
2.10153e-05
2.10294e-05
2.10433e-05
2.10436e-05
2.10577e-05
2.10718e-05
2.10728e-05
2.10860e-05
2.11001e-05
2.11023e-05
2.11142e-05
2.11284e-05
2.11318e-05
2.11426e-05
2.11567e-05
2.11612e-05
2.11709e-05
2.11851e-05
2.11907e-05
2.11993e-05
2.12135e-05
2.12201e-05
2.12277e-05
2.12419e-05
2.12495e-05
2.12561e-05
2.12703e-05
2.12789e-05
2.12845e-05
2.12987e-05
2.13083e-05
2.13130e-05
