SF_Version 0.9.3
03-Sep-2024 23:12:15
Temp(K) Pressure(MPa) Temp(K) Pressure(MPa)  Points 
0.1000 1071.2224 201.9335 670.8401 1960.0000 
###########################################################
DV (m^3/kg)
7.13240e-04
7.13247e-04
7.13280e-04
7.13280e-04
7.13313e-04
7.13321e-04
7.13346e-04
7.13361e-04
7.13379e-04
7.13402e-04
7.13412e-04
7.13442e-04
7.13445e-04
7.13478e-04
7.13483e-04
7.13511e-04
7.13524e-04
7.13544e-04
7.13564e-04
7.13577e-04
7.13605e-04
7.13610e-04
7.13643e-04
7.13645e-04
7.13677e-04
7.13686e-04
7.13710e-04
7.13726e-04
7.13743e-04
7.13767e-04
7.13776e-04
7.13807e-04
7.13809e-04
7.13842e-04
7.13847e-04
7.13875e-04
7.13887e-04
7.13909e-04
7.13927e-04
7.13942e-04
7.13967e-04
7.13975e-04
7.14007e-04
7.14008e-04
7.14042e-04
7.14047e-04
7.14075e-04
7.14087e-04
7.14108e-04
7.14126e-04
7.14142e-04
7.14166e-04
7.14175e-04
7.14205e-04
7.14209e-04
7.14242e-04
7.14244e-04
7.14276e-04
7.14283e-04
7.14310e-04
7.14323e-04
7.14344e-04
7.14362e-04
7.14377e-04
7.14401e-04
7.14411e-04
7.14440e-04
7.14445e-04
7.14479e-04
7.14479e-04
7.14514e-04
7.14518e-04
7.14548e-04
7.14557e-04
7.14582e-04
7.14596e-04
7.14617e-04
7.14635e-04
7.14651e-04
7.14674e-04
7.14686e-04
7.14713e-04
7.14721e-04
7.14752e-04
7.14756e-04
7.14791e-04
7.14791e-04
7.14826e-04
7.14830e-04
7.14861e-04
7.14869e-04
7.14897e-04
7.14908e-04
7.14932e-04
7.14947e-04
7.14968e-04
7.14986e-04
7.15004e-04
7.15025e-04
7.15040e-04
7.15065e-04
7.15076e-04
7.15104e-04
7.15112e-04
7.15144e-04
7.15149e-04
7.15183e-04
7.15186e-04
7.15222e-04
7.15223e-04
7.15259e-04
7.15262e-04
7.15296e-04
7.15302e-04
7.15334e-04
7.15342e-04
7.15371e-04
7.15382e-04
7.15409e-04
7.15422e-04
7.15447e-04
7.15462e-04
7.15485e-04
7.15502e-04
7.15523e-04
7.15543e-04
7.15561e-04
7.15583e-04
7.15600e-04
7.15624e-04
7.15638e-04
7.15664e-04
7.15677e-04
7.15705e-04
7.15716e-04
7.15746e-04
7.15756e-04
7.15786e-04
7.15795e-04
7.15827e-04
7.15835e-04
7.15869e-04
7.15874e-04
7.15910e-04
7.15914e-04
7.15951e-04
7.15955e-04
7.15993e-04
7.15995e-04
7.16034e-04
7.16036e-04
7.16076e-04
7.16077e-04
7.16117e-04
7.16118e-04
7.16159e-04
7.16159e-04
7.16200e-04
7.16201e-04
7.16242e-04
7.16243e-04
7.16284e-04
7.16285e-04
7.16326e-04
7.16328e-04
7.16368e-04
7.16370e-04
7.16411e-04
7.16413e-04
7.16454e-04
7.16455e-04
7.16497e-04
7.16498e-04
7.16540e-04
7.16541e-04
7.16583e-04
7.16584e-04
7.16627e-04
7.16627e-04
7.16670e-04
7.16671e-04
7.16713e-04
7.16715e-04
7.16757e-04
7.16759e-04
7.16800e-04
7.16804e-04
7.16844e-04
7.16849e-04
7.16888e-04
7.16894e-04
7.16931e-04
7.16939e-04
7.16975e-04
7.16985e-04
7.17019e-04
7.17031e-04
7.17064e-04
7.17077e-04
7.17108e-04
7.17123e-04
7.17152e-04
7.17170e-04
7.17197e-04
7.17216e-04
7.17241e-04
7.17263e-04
7.17286e-04
7.17311e-04
7.17331e-04
7.17358e-04
7.17376e-04
7.17406e-04
7.17421e-04
7.17454e-04
7.17466e-04
7.17503e-04
7.17511e-04
7.17551e-04
7.17556e-04
7.17600e-04
7.17602e-04
7.17648e-04
7.17649e-04
7.17693e-04
7.17699e-04
7.17739e-04
7.17748e-04
7.17785e-04
7.17798e-04
7.17831e-04
7.17848e-04
7.17877e-04
7.17899e-04
7.17923e-04
7.17950e-04
7.17969e-04
7.18001e-04
7.18016e-04
7.18052e-04
7.18062e-04
7.18103e-04
7.18109e-04
7.18155e-04
7.18156e-04
7.18203e-04
7.18207e-04
7.18250e-04
7.18260e-04
7.18297e-04
7.18312e-04
7.18344e-04
7.18365e-04
7.18391e-04
7.18419e-04
7.18438e-04
7.18472e-04
7.18486e-04
7.18526e-04
7.18533e-04
7.18580e-04
7.18581e-04
7.18629e-04
7.18635e-04
7.18677e-04
7.18689e-04
7.18725e-04
7.18744e-04
7.18773e-04
7.18800e-04
7.18821e-04
7.18855e-04
7.18870e-04
7.18911e-04
7.18918e-04
7.18967e-04
7.18967e-04
7.19015e-04
7.19024e-04
7.19064e-04
7.19080e-04
7.19113e-04
7.19137e-04
7.19162e-04
7.19195e-04
7.19211e-04
7.19253e-04
7.19260e-04
7.19310e-04
7.19311e-04
7.19359e-04
7.19369e-04
7.19409e-04
7.19427e-04
7.19459e-04
7.19486e-04
7.19509e-04
7.19546e-04
7.19559e-04
7.19605e-04
7.19609e-04
7.19659e-04
7.19665e-04
7.19709e-04
7.19725e-04
7.19760e-04
7.19785e-04
7.19810e-04
7.19846e-04
7.19861e-04
7.19907e-04
7.19912e-04
7.19963e-04
7.19969e-04
7.20014e-04
7.20030e-04
7.20065e-04
7.20092e-04
7.20116e-04
7.20155e-04
7.20168e-04
7.20217e-04
7.20220e-04
7.20271e-04
7.20280e-04
7.20323e-04
7.20344e-04
7.20375e-04
7.20407e-04
7.20427e-04
7.20471e-04
7.20480e-04
7.20532e-04
7.20535e-04
7.20585e-04
7.20600e-04
7.20637e-04
7.20665e-04
7.20690e-04
7.20730e-04
7.20743e-04
7.20795e-04
7.20796e-04
7.20850e-04
-7.91182e-05
-7.91176e-05
-7.91172e-05
-7.91178e-05
-7.91177e-05
-7.91175e-05
-7.91174e-05
-7.91173e-05
-7.91172e-05
-7.91170e-05
-7.91169e-05
-7.91167e-05
-7.91167e-05
-7.91165e-05
-7.91163e-05
-7.91162e-05
-7.91161e-05
-7.91160e-05
-7.91158e-05
-7.91156e-05
-7.91156e-05
-7.91154e-05
-7.91152e-05
-7.91150e-05
-7.91150e-05
-7.91148e-05
-7.91146e-05
-7.91144e-05
-7.91143e-05
-7.91142e-05
-7.91139e-05
-7.91137e-05
-7.91137e-05
-7.91135e-05
-7.91133e-05
-7.91131e-05
-7.91130e-05
-7.91128e-05
-7.91126e-05
-7.91124e-05
-7.91123e-05
-7.91122e-05
-7.91119e-05
-7.91117e-05
-7.91116e-05
-7.91114e-05
-7.91112e-05
-7.91110e-05
-7.91108e-05
-7.91107e-05
-7.91105e-05
-7.91102e-05
-7.91100e-05
-7.91100e-05
-7.91097e-05
-7.91094e-05
-7.91092e-05
-7.91092e-05
-7.91089e-05
-7.91086e-05
-7.91084e-05
-7.91084e-05
-7.91081e-05
-7.91078e-05
-7.91075e-05
-7.91075e-05
-7.91073e-05
-7.91070e-05
-7.91067e-05
-7.91066e-05
-7.91064e-05
-7.91061e-05
-7.91058e-05
-7.91057e-05
-7.91055e-05
-7.91052e-05
-7.91049e-05
-7.91048e-05
-7.91046e-05
-7.91043e-05
-7.91040e-05
-7.91038e-05
-7.91037e-05
-7.91034e-05
-7.91031e-05
-7.91029e-05
-7.91027e-05
-7.91024e-05
-7.91021e-05
-7.91018e-05
-7.91018e-05
-7.91014e-05
-7.91011e-05
-7.91008e-05
-7.91008e-05
-7.91004e-05
-7.91001e-05
-7.90998e-05
-7.90998e-05
-7.90994e-05
-7.90991e-05
-7.90987e-05
-7.90987e-05
-7.90984e-05
-7.90980e-05
-7.90976e-05
-7.90976e-05
-7.90973e-05
-7.90969e-05
-7.90966e-05
-7.90964e-05
-7.90962e-05
-7.90958e-05
-7.90954e-05
-7.90953e-05
-7.90951e-05
-7.90947e-05
-7.90943e-05
-7.90941e-05
-7.90939e-05
-7.90935e-05
-7.90932e-05
-7.90929e-05
-7.90928e-05
-7.90924e-05
-7.90920e-05
-7.90916e-05
-7.90916e-05
-7.90912e-05
-7.90908e-05
-7.90904e-05
-7.90904e-05
-7.90900e-05
-7.90895e-05
-7.90891e-05
-7.90891e-05
-7.90887e-05
-7.90883e-05
-7.90879e-05
-7.90878e-05
-7.90875e-05
-7.90870e-05
-7.90866e-05
-7.90864e-05
-7.90862e-05
-7.90857e-05
-7.90853e-05
-7.90851e-05
-7.90849e-05
-7.90844e-05
-7.90840e-05
-7.90837e-05
-7.90835e-05
-7.90831e-05
-7.90826e-05
-7.90823e-05
-7.90822e-05
-7.90817e-05
-7.90812e-05
-7.90808e-05
-7.90808e-05
-7.90803e-05
-7.90799e-05
-7.90794e-05
-7.90794e-05
-7.90789e-05
-7.90784e-05
-7.90780e-05
-7.90779e-05
-7.90775e-05
-7.90770e-05
-7.90765e-05
-7.90764e-05
-7.90760e-05
-7.90755e-05
-7.90750e-05
-7.90749e-05
-7.90745e-05
-7.90740e-05
-7.90735e-05
-7.90733e-05
-7.90730e-05
-7.90725e-05
-7.90720e-05
-7.90717e-05
-7.90715e-05
-7.90710e-05
-7.90705e-05
-7.90701e-05
-7.90700e-05
-7.90695e-05
-7.90689e-05
-7.90685e-05
-7.90684e-05
-7.90679e-05
-7.90673e-05
-7.90668e-05
-7.90668e-05
-7.90663e-05
-7.90657e-05
-7.90652e-05
-7.90651e-05
-7.90647e-05
-7.90641e-05
-7.90636e-05
-7.90634e-05
-7.90630e-05
-7.90625e-05
-7.90619e-05
-7.90617e-05
-7.90613e-05
-7.90608e-05
-7.90602e-05
-7.90599e-05
-7.90596e-05
-7.90591e-05
-7.90585e-05
-7.90581e-05
-7.90579e-05
-7.90574e-05
-7.90568e-05
-7.90563e-05
-7.90562e-05
-7.90556e-05
-7.90550e-05
-7.90545e-05
-7.90544e-05
-7.90538e-05
-7.90532e-05
-7.90527e-05
-7.90526e-05
-7.90520e-05
-7.90514e-05
-7.90508e-05
-7.90508e-05
-7.90502e-05
-7.90496e-05
-7.90490e-05
-7.90489e-05
-7.90484e-05
-7.90478e-05
-7.90472e-05
-7.90469e-05
-7.90465e-05
-7.90459e-05
-7.90453e-05
-7.90450e-05
-7.90446e-05
-7.90440e-05
-7.90434e-05
-7.90430e-05
-7.90427e-05
-7.90421e-05
-7.90415e-05
-7.90410e-05
-7.90408e-05
-7.90402e-05
-7.90395e-05
-7.90390e-05
-7.90389e-05
-7.90382e-05
-7.90375e-05
-7.90369e-05
-7.90369e-05
-7.90362e-05
-7.90355e-05
-7.90349e-05
-7.90349e-05
-7.90342e-05
-7.90335e-05
-7.90329e-05
-7.90328e-05
-7.90322e-05
-7.90315e-05
-7.90308e-05
-7.90306e-05
-7.90301e-05
-7.90294e-05
-7.90287e-05
-7.90285e-05
-7.90280e-05
-7.90273e-05
-7.90266e-05
-7.90263e-05
-7.90259e-05
-7.90252e-05
-7.90245e-05
-7.90241e-05
-7.90238e-05
-7.90231e-05
-7.90224e-05
-7.90219e-05
-7.90217e-05
-7.90210e-05
-7.90202e-05
-7.90197e-05
-7.90195e-05
-7.90188e-05
-7.90180e-05
-7.90174e-05
-7.90173e-05
-7.90166e-05
-7.90158e-05
-7.90151e-05
-7.90151e-05
-7.90143e-05
-7.90136e-05
-7.90128e-05
-7.90128e-05
-7.90121e-05
-7.90113e-05
-7.90106e-05
-7.90105e-05
-7.90098e-05
-7.90091e-05
-7.90083e-05
-7.90081e-05
-7.90075e-05
-7.90068e-05
-7.90060e-05
-7.90057e-05
-7.90052e-05
-7.90044e-05
-7.90036e-05
-7.90033e-05
-7.90029e-05
-7.90021e-05
-7.90013e-05
-7.90009e-05
-7.90005e-05
-7.89997e-05
-7.89989e-05
-7.89984e-05
-7.89981e-05
-7.89973e-05
-7.89965e-05
-7.89959e-05
-7.89957e-05
-7.89949e-05
-7.89941e-05
-7.89934e-05
-7.89932e-05
-7.89924e-05
-7.89916e-05
-7.89909e-05
-7.89908e-05
-7.89900e-05
-7.89891e-05
-7.89883e-05
-7.89883e-05
-7.89875e-05
-7.89866e-05
-7.89858e-05
-7.89858e-05
-7.89849e-05
-7.89841e-05
-7.89833e-05
-7.89832e-05
-7.89824e-05
-7.89815e-05
-7.89807e-05
-7.89806e-05
-7.89798e-05
-7.89790e-05
-7.89781e-05
-7.89779e-05
-7.89772e-05
-7.89764e-05
-7.89755e-05
-7.89753e-05
-7.89746e-05
-7.89738e-05
-7.89729e-05
-7.89726e-05
-7.89720e-05
-7.89711e-05
-7.89702e-05
-7.89699e-05
-7.89693e-05
-7.89684e-05
-7.89675e-05
-7.89671e-05
-7.89666e-05
-7.89657e-05
-7.89648e-05
-7.89644e-05
-7.89639e-05
-7.89630e-05
-7.89621e-05
-7.89616e-05
-7.89612e-05
-7.89603e-05
-7.89594e-05
-7.89588e-05
-7.89584e-05
-7.89575e-05
-7.89566e-05
-7.89560e-05
-7.89557e-05
-7.89547e-05
-7.89538e-05
-7.89531e-05
-7.89529e-05
-7.89519e-05
-7.89510e-05
-7.89502e-05
-7.89500e-05
-7.89491e-05
-7.89481e-05
-7.89473e-05
-7.89472e-05
-7.89462e-05
-7.89452e-05
-7.89444e-05
-7.89443e-05
-7.89433e-05
-7.89423e-05
-7.89415e-05
-7.89414e-05
-7.89404e-05
-7.89394e-05
-7.89385e-05
-7.89384e-05
-7.89375e-05
-7.89365e-05
-7.89356e-05
-7.89355e-05
-7.89345e-05
-7.89335e-05
-7.89326e-05
-7.89325e-05
-7.89315e-05
-7.89305e-05
-7.89295e-05
-7.89295e-05
-7.89285e-05
-7.89275e-05
-7.89265e-05
-7.89265e-05
-7.89255e-05
-7.89245e-05
-7.89234e-05
-7.89234e-05
-7.89224e-05
-7.89214e-05
-7.89204e-05
-7.89203e-05
-7.89193e-05
-7.89183e-05
-7.89173e-05
-7.89172e-05
-7.89162e-05
-7.89152e-05
-7.89141e-05
-7.89141e-05
-7.89131e-05
-7.89120e-05
-7.89110e-05
-7.89109e-05
-7.89099e-05
-7.89089e-05
-7.89078e-05
-7.89078e-05
-7.89067e-05
-7.89057e-05
-7.89046e-05
-7.89046e-05
-7.89035e-05
-7.89025e-05
-7.89014e-05
-7.89013e-05
-7.89003e-05
-7.88992e-05
-7.88981e-05
-7.88981e-05
-7.88970e-05
-7.88960e-05
-7.88949e-05
-7.88948e-05
-7.88938e-05
-7.88927e-05
-7.88916e-05
-7.88916e-05
-7.88905e-05
-7.88894e-05
-7.88883e-05
-7.88882e-05
-7.88871e-05
-7.88860e-05
-7.88849e-05
-7.88849e-05
-7.88838e-05
-7.88826e-05
-7.88816e-05
-7.88815e-05
-7.88804e-05
-7.88793e-05
-7.88782e-05
-7.88781e-05
-7.88770e-05
-7.88758e-05
-7.88748e-05
-7.88747e-05
-7.88735e-05
-7.88724e-05
-7.88714e-05
-7.88712e-05
-7.88701e-05
-7.88689e-05
-7.88680e-05
-7.88678e-05
-7.88666e-05
-7.88654e-05
-7.88646e-05
-7.88643e-05
-7.88631e-05
-7.88619e-05
-7.88611e-05
-7.88608e-05
-7.88596e-05
-7.88584e-05
-7.88576e-05
-7.88572e-05
-7.88560e-05
-7.88548e-05
-7.88541e-05
-7.88536e-05
-7.88524e-05
-7.88512e-05
-7.88506e-05
-7.88500e-05
-7.88488e-05
-7.88476e-05
-7.88470e-05
-7.88464e-05
-7.88452e-05
-7.88440e-05
-7.88435e-05
-7.88428e-05
-7.88415e-05
-7.88403e-05
-7.88399e-05
-7.88391e-05
-7.88379e-05
-7.88366e-05
-7.88363e-05
-7.88354e-05
-7.88341e-05
-7.88329e-05
-7.88327e-05
-7.88317e-05
-7.88304e-05
-7.88292e-05
-7.88290e-05
-7.88279e-05
-7.88267e-05
-7.88254e-05
-7.88254e-05
-7.88241e-05
-7.88229e-05
-7.88217e-05
-7.88216e-05
-7.88203e-05
-7.88191e-05
-7.88180e-05
-7.88178e-05
-7.88165e-05
-7.88152e-05
-7.88143e-05
-7.88139e-05
-7.88127e-05
-7.88114e-05
-7.88105e-05
-7.88101e-05
-7.88088e-05
-7.88075e-05
-7.88068e-05
-7.88062e-05
-7.88049e-05
-7.88036e-05
-7.88030e-05
-7.88023e-05
-7.88009e-05
-7.87996e-05
-7.87992e-05
-7.87983e-05
-7.87970e-05
-7.87957e-05
-7.87954e-05
-7.87943e-05
-7.87930e-05
-7.87917e-05
-7.87916e-05
-7.87904e-05
-7.87890e-05
-7.87877e-05
-7.87877e-05
-7.87863e-05
-7.87850e-05
-7.87839e-05
-7.87836e-05
-7.87823e-05
-7.87809e-05
-7.87800e-05
-7.87796e-05
-7.87782e-05
-7.87769e-05
-7.87761e-05
-7.87755e-05
-7.87741e-05
-7.87727e-05
-7.87722e-05
-7.87714e-05
-7.87700e-05
-7.87686e-05
-7.87682e-05
-7.87672e-05
-7.87658e-05
-7.87645e-05
-7.87643e-05
-7.87631e-05
-7.87617e-05
-7.87603e-05
-7.87603e-05
-7.87589e-05
-7.87575e-05
-7.87563e-05
-7.87561e-05
-7.87547e-05
-7.87533e-05
-7.87523e-05
-7.87518e-05
-7.87504e-05
-7.87490e-05
-7.87483e-05
-7.87476e-05
-7.87462e-05
-7.87447e-05
-7.87442e-05
-7.87433e-05
-7.87419e-05
-7.87404e-05
-7.87402e-05
-7.87390e-05
-7.87375e-05
-7.87361e-05
-7.87361e-05
-7.87346e-05
-7.87332e-05
-7.87320e-05
-7.87317e-05
-7.87303e-05
-7.87288e-05
-7.87279e-05
-7.87274e-05
-7.87259e-05
-7.87244e-05
-7.87238e-05
-7.87230e-05
-7.87215e-05
-7.87200e-05
-7.87197e-05
-7.87185e-05
-7.87171e-05
-7.87156e-05
-7.87155e-05
-7.87141e-05
-7.87126e-05
-7.87113e-05
-7.87111e-05
-7.87096e-05
-7.87081e-05
-7.87072e-05
-7.87066e-05
-7.87051e-05
-7.87036e-05
-7.87030e-05
-7.87021e-05
-7.87006e-05
-7.86990e-05
-7.86987e-05
-7.86975e-05
-7.86960e-05
-7.86945e-05
-7.86945e-05
-7.86929e-05
-7.86914e-05
-7.86903e-05
-7.86899e-05
-7.86883e-05
-7.86868e-05
-7.86860e-05
-7.86853e-05
-7.86837e-05
-7.86822e-05
-7.86817e-05
-7.86806e-05
-7.86791e-05
-7.86775e-05
-7.86774e-05
-7.86760e-05
-7.86744e-05
-7.86731e-05
-7.86728e-05
-7.86713e-05
-7.86697e-05
-7.86688e-05
-7.86681e-05
-7.86665e-05
-7.86650e-05
-7.86644e-05
-7.86634e-05
-7.86618e-05
-7.86602e-05
-7.86601e-05
-7.86586e-05
-7.86570e-05
-7.86557e-05
-7.86554e-05
-7.86538e-05
-7.86522e-05
-7.86513e-05
-7.86506e-05
-7.86490e-05
-7.86474e-05
-7.86469e-05
-7.86458e-05
-7.86442e-05
-7.86425e-05
-7.86425e-05
-7.86409e-05
-7.86393e-05
-7.86381e-05
-7.86377e-05
-7.86360e-05
-7.86344e-05
-7.86336e-05
-7.86328e-05
-7.86311e-05
-7.86295e-05
-7.86292e-05
-7.86278e-05
-7.86262e-05
-7.86247e-05
-7.86245e-05
-7.86229e-05
-7.86212e-05
-7.86202e-05
-7.86196e-05
-7.86179e-05
-7.86162e-05
-7.86157e-05
-7.86146e-05
-7.86129e-05
-7.86112e-05
-7.86112e-05
-7.86096e-05
-7.86079e-05
-7.86067e-05
-7.86062e-05
-7.86045e-05
-7.86028e-05
-7.86022e-05
-7.86011e-05
-7.85994e-05
-7.85977e-05
-7.85976e-05
-7.85960e-05
-7.85943e-05
-7.85930e-05
-7.85926e-05
-7.85909e-05
-7.85892e-05
-7.85885e-05
-7.85875e-05
-7.85858e-05
-7.85841e-05
-7.85839e-05
-7.85823e-05
-7.85806e-05
-7.85793e-05
-7.85789e-05
-7.85771e-05
-7.85754e-05
-7.85746e-05
-7.85737e-05
-7.85719e-05
-7.85702e-05
-7.85700e-05
-7.85684e-05
-7.85667e-05
-7.85654e-05
-7.85649e-05
-7.85632e-05
-7.85614e-05
-7.85607e-05
-7.85597e-05
-7.85579e-05
-7.85561e-05
-7.85560e-05
-7.85544e-05
-7.85526e-05
-7.85513e-05
-7.85508e-05
-7.85490e-05
-7.85473e-05
-7.85467e-05
-7.85455e-05
-7.85437e-05
-7.85419e-05
-7.85419e-05
-7.85401e-05
-7.85383e-05
-7.85372e-05
-7.85365e-05
-7.85347e-05
-7.85329e-05
-7.85325e-05
-7.85311e-05
-7.85293e-05
-7.85277e-05
-7.85275e-05
-7.85257e-05
-7.85238e-05
-7.85230e-05
-7.85220e-05
-7.85202e-05
-7.85184e-05
-7.85182e-05
-7.85165e-05
-7.85147e-05
-7.85134e-05
-7.85129e-05
-7.85110e-05
-7.85092e-05
-7.85086e-05
-7.85073e-05
-7.85055e-05
-7.85038e-05
-7.85037e-05
-7.85018e-05
-7.84999e-05
-7.84990e-05
-7.84981e-05
-7.84962e-05
-7.84944e-05
-7.84942e-05
-7.84925e-05
-7.84906e-05
-7.84893e-05
-7.84887e-05
-7.84869e-05
-7.84850e-05
-7.84845e-05
-7.84831e-05
-7.84812e-05
-7.84796e-05
-7.84793e-05
-7.84774e-05
-7.84755e-05
-7.84748e-05
-7.84736e-05
-7.84717e-05
-7.84699e-05
-7.84698e-05
-7.84679e-05
-7.84660e-05
-7.84650e-05
-7.84641e-05
-7.84622e-05
-7.84603e-05
-7.84601e-05
-7.84584e-05
-7.84564e-05
-7.84551e-05
-7.84545e-05
-7.84526e-05
-7.84506e-05
-7.84502e-05
-7.84487e-05
-7.84468e-05
-7.84453e-05
-7.84448e-05
-7.84429e-05
-7.84409e-05
-7.84403e-05
-7.84390e-05
-7.84370e-05
-7.84353e-05
-7.84351e-05
-7.84331e-05
-7.84312e-05
-7.84304e-05
-7.84292e-05
-7.84272e-05
-7.84254e-05
-7.84253e-05
-7.84233e-05
-7.84213e-05
-7.84204e-05
-7.84193e-05
-7.84173e-05
-7.84154e-05
-7.84154e-05
-7.84134e-05
-7.84114e-05
-7.84104e-05
-7.84094e-05
-7.84074e-05
-7.84054e-05
-7.84053e-05
-7.84034e-05
-7.84014e-05
-7.84003e-05
-7.83994e-05
-7.83973e-05
-7.83953e-05
-7.83953e-05
-7.83933e-05
-7.83913e-05
-7.83902e-05
-7.83893e-05
-7.83872e-05
-7.83852e-05
-7.83851e-05
-7.83832e-05
-7.83811e-05
-7.83800e-05
-7.83791e-05
-7.83771e-05
-7.83750e-05
-7.83750e-05
-7.83730e-05
-7.83709e-05
-7.83699e-05
-7.83689e-05
-7.83668e-05
-7.83647e-05
-7.83647e-05
-7.83627e-05
-7.83606e-05
-7.83596e-05
-7.83585e-05
-7.83565e-05
-7.83545e-05
-7.83544e-05
-7.83523e-05
-7.83502e-05
-7.83494e-05
-7.83482e-05
-7.83461e-05
-7.83442e-05
-7.83440e-05
-7.83419e-05
-7.83398e-05
-7.83390e-05
-7.83377e-05
-7.83356e-05
-7.83339e-05
-7.83335e-05
-7.83314e-05
-7.83293e-05
-7.83287e-05
-7.83271e-05
-7.83250e-05
-7.83235e-05
-7.83229e-05
-7.83208e-05
-7.83187e-05
-7.83183e-05
-7.83165e-05
-7.83144e-05
-7.83131e-05
-7.83123e-05
-7.83101e-05
-7.83080e-05
-7.83079e-05
-7.83058e-05
-7.83037e-05
-7.83027e-05
-7.83015e-05
-7.82994e-05
-7.82974e-05
-7.82972e-05
-7.82951e-05
-7.82929e-05
-7.82922e-05
-7.82907e-05
-7.82886e-05
-7.82869e-05
-7.82864e-05
-7.82842e-05
-7.82820e-05
-7.82817e-05
-7.82799e-05
-7.82777e-05
-7.82764e-05
-7.82755e-05
-7.82733e-05
-7.82711e-05
-7.82711e-05
-7.82689e-05
-7.82667e-05
-7.82658e-05
-7.82645e-05
-7.82623e-05
-7.82605e-05
-7.82601e-05
-7.82579e-05
-7.82557e-05
-7.82552e-05
-7.82535e-05
-7.82512e-05
-7.82499e-05
-7.82490e-05
-7.82468e-05
-7.82446e-05
-7.82446e-05
-7.82423e-05
-7.82401e-05
-7.82392e-05
-7.82378e-05
-7.82356e-05
-7.82339e-05
-7.82334e-05
-7.82311e-05
-7.82289e-05
-7.82286e-05
-7.82266e-05
-7.82243e-05
-7.82232e-05
-7.82221e-05
-7.82198e-05
-7.82178e-05
-7.82175e-05
-7.82153e-05
-7.82130e-05
-7.82124e-05
-7.82107e-05
-7.82084e-05
-7.82071e-05
-7.82062e-05
-7.82039e-05
-7.82017e-05
-7.82016e-05
-7.81993e-05
-7.81970e-05
-7.81963e-05
-7.81947e-05
-7.81924e-05
-7.81909e-05
-7.81901e-05
-7.81878e-05
-7.81855e-05
-7.81854e-05
-7.81832e-05
-7.81809e-05
-7.81800e-05
-7.81785e-05
-7.81762e-05
-7.81746e-05
-7.81739e-05
-7.81716e-05
-7.81692e-05
-7.81691e-05
-7.81669e-05
-7.81645e-05
-7.81637e-05
-7.81622e-05
-7.81599e-05
-7.81582e-05
-7.81575e-05
-7.81552e-05
-7.81528e-05
-7.81527e-05
-7.81504e-05
-7.81481e-05
-7.81473e-05
-7.81457e-05
-7.81434e-05
-7.81418e-05
-7.81410e-05
-7.81386e-05
-7.81363e-05
-7.81362e-05
-7.81339e-05
-7.81315e-05
-7.81308e-05
-7.81291e-05
-7.81267e-05
-7.81253e-05
-7.81243e-05
-7.81219e-05
-7.81198e-05
-7.81195e-05
-7.81171e-05
-7.81147e-05
-7.81142e-05
-7.81123e-05
-7.81099e-05
-7.81087e-05
-7.81075e-05
-7.81050e-05
-7.81032e-05
-7.81026e-05
-7.81002e-05
-7.80978e-05
-7.80976e-05
-7.80953e-05
-7.80929e-05
-7.80921e-05
-7.80905e-05
-7.80880e-05
-7.80865e-05
-7.80856e-05
-7.80831e-05
-7.80809e-05
-7.80807e-05
-7.80782e-05
-7.80758e-05
-7.80753e-05
-7.80733e-05
-7.80709e-05
-7.80698e-05
-7.80684e-05
-7.80659e-05
-7.80642e-05
-7.80635e-05
-7.80610e-05
-7.80586e-05
-7.80585e-05
-7.80560e-05
-7.80535e-05
-7.80529e-05
-7.80510e-05
-7.80486e-05
-7.80473e-05
-7.80461e-05
-7.80436e-05
-7.80417e-05
-7.80411e-05
-7.80386e-05
-7.80361e-05
-7.80360e-05
-7.80335e-05
-7.80310e-05
-7.80304e-05
-7.80285e-05
-7.80260e-05
-7.80248e-05
-7.80235e-05
-7.80209e-05
-7.80191e-05
-7.80184e-05
-7.80159e-05
-7.80135e-05
-7.80133e-05
-7.80108e-05
-7.80082e-05
-7.80078e-05
-7.80057e-05
-7.80032e-05
-7.80021e-05
-7.80006e-05
-7.79980e-05
-7.79965e-05
-7.79955e-05
-7.79929e-05
-7.79908e-05
-7.79904e-05
-7.79878e-05
-7.79852e-05
-7.79851e-05
-7.79826e-05
-7.79801e-05
-7.79794e-05
-7.79775e-05
-7.79749e-05
-7.79737e-05
-7.79723e-05
-7.79697e-05
-7.79679e-05
-7.79671e-05
-7.79645e-05
-7.79622e-05
-7.79619e-05
-7.79593e-05
-7.79567e-05
-7.79565e-05
-7.79541e-05
-7.79515e-05
-7.79507e-05
-7.79489e-05
-7.79462e-05
-7.79450e-05
-7.79436e-05
-7.79410e-05
-7.79392e-05
-7.79383e-05
-7.79357e-05
-7.79335e-05
-7.79331e-05
-7.79304e-05
-7.79278e-05
-7.79277e-05
-7.79251e-05
-7.79225e-05
-7.79219e-05
-7.79198e-05
-7.79172e-05
-7.79162e-05
-7.79145e-05
-7.79118e-05
-7.79104e-05
-7.79092e-05
-7.79065e-05
-7.79046e-05
-7.79038e-05
-7.79011e-05
-7.78988e-05
-7.78985e-05
-7.78958e-05
-7.78931e-05
-7.78930e-05
-7.78904e-05
-7.78877e-05
-7.78872e-05
-7.78850e-05
-7.78823e-05
-7.78814e-05
-7.78796e-05
-7.78769e-05
-7.78755e-05
-7.78742e-05
-7.78715e-05
-7.78697e-05
-7.78687e-05
-7.78660e-05
-7.78639e-05
-7.78633e-05
-7.78606e-05
-7.78580e-05
-7.78578e-05
-7.78551e-05
-7.78524e-05
-7.78522e-05
-7.78496e-05
-7.78469e-05
-7.78463e-05
-7.78441e-05
-7.78414e-05
-7.78404e-05
-7.78386e-05
-7.78359e-05
-7.78346e-05
-7.78331e-05
-7.78303e-05
-7.78287e-05
-7.78276e-05
-7.78248e-05
-7.78228e-05
-7.78220e-05
-7.78192e-05
-7.78169e-05
-7.78165e-05
-7.78137e-05
-7.78110e-05
-7.78109e-05
-7.78081e-05
-7.78053e-05
-7.78051e-05
-7.78025e-05
-7.77997e-05
-7.77992e-05
-7.77969e-05
-7.77941e-05
-7.77933e-05
-7.77913e-05
-7.77884e-05
-7.77874e-05
-7.77856e-05
-7.77828e-05
-7.77814e-05
-7.77800e-05
-7.77771e-05
-7.77755e-05
-7.77743e-05
-7.77715e-05
-7.77696e-05
-7.77686e-05
-7.77658e-05
-7.77636e-05
-7.77629e-05
-7.77601e-05
-7.77577e-05
-7.77572e-05
-7.77544e-05
-7.77517e-05
-7.77515e-05
-7.77486e-05
-7.77458e-05
-7.77458e-05
-7.77429e-05
-7.77400e-05
-7.77398e-05
-7.77372e-05
-7.77343e-05
-7.77338e-05
-7.77314e-05
-7.77285e-05
-7.77278e-05
-7.77256e-05
-7.77227e-05
-7.77218e-05
-7.77198e-05
-7.77169e-05
-7.77158e-05
-7.77140e-05
-7.77111e-05
-7.77098e-05
-7.77082e-05
-7.77053e-05
-7.77038e-05
-7.77023e-05
-7.76994e-05
-7.76978e-05
-7.76965e-05
-7.76936e-05
-7.76918e-05
-7.76906e-05
-7.76877e-05
-7.76858e-05
-7.76848e-05
-7.76818e-05
-7.76798e-05
-7.76789e-05
-7.76759e-05
-7.76737e-05
-7.76730e-05
-7.76700e-05
-7.76677e-05
-7.76670e-05
-7.76641e-05
-7.76616e-05
-7.76611e-05
-7.76581e-05
-7.76556e-05
-7.76551e-05
-7.76522e-05
-7.76495e-05
-7.76492e-05
-7.76462e-05
-7.76435e-05
-7.76432e-05
-7.76402e-05
-7.76374e-05
-7.76372e-05
-7.76342e-05
-7.76313e-05
-7.76312e-05
-7.76282e-05
-7.76253e-05
-7.76252e-05
-7.76222e-05
-7.76192e-05
-7.76192e-05
-7.76161e-05
-7.76131e-05
-7.76131e-05
-7.76101e-05
-7.76071e-05
-7.76070e-05
-7.76040e-05
-7.76010e-05
-7.76009e-05
-7.75979e-05
-7.75949e-05
-7.75948e-05
-7.75918e-05
-7.75888e-05
-7.75887e-05
-7.75857e-05
-7.75827e-05
-7.75825e-05
-7.75796e-05
-7.75765e-05
-7.75764e-05
-7.75735e-05
-7.75704e-05
-7.75703e-05
-7.75673e-05
-7.75642e-05
-7.75642e-05
-7.75611e-05
-7.75580e-05
-7.75580e-05
-7.75549e-05
-7.75519e-05
-7.75519e-05
-7.75487e-05
-7.75457e-05
-7.75456e-05
-7.75425e-05
-7.75396e-05
-7.75394e-05
-7.75363e-05
-7.75334e-05
-7.75332e-05
-7.75301e-05
-7.75272e-05
-7.75269e-05
-7.75238e-05
-7.75211e-05
-7.75207e-05
-7.75175e-05
-7.75149e-05
-7.75144e-05
-7.75113e-05
-7.75087e-05
-7.75081e-05
-7.75050e-05
-7.75025e-05
-7.75018e-05
-7.74986e-05
-7.74963e-05
-7.74955e-05
-7.74923e-05
-7.74901e-05
-7.74891e-05
-7.74860e-05
-7.74839e-05
-7.74828e-05
-7.74796e-05
-7.74777e-05
-7.74764e-05
-7.74732e-05
-7.74715e-05
-7.74700e-05
-7.74669e-05
-7.74652e-05
-7.74637e-05
-7.74604e-05
-7.74590e-05
-7.74572e-05
-7.74540e-05
-7.74528e-05
-7.74508e-05
-7.74476e-05
-7.74466e-05
-7.74444e-05
-7.74412e-05
-7.74403e-05
-7.74379e-05
-7.74347e-05
-7.74341e-05
-7.74315e-05
-7.74282e-05
-7.74278e-05
-7.74250e-05
-7.74217e-05
-7.74215e-05
-7.74185e-05
-7.74153e-05
-7.74152e-05
-7.74120e-05
-7.74090e-05
-7.74087e-05
-7.74054e-05
-7.74027e-05
-7.74022e-05
-7.73989e-05
-7.73965e-05
-7.73956e-05
-7.73923e-05
-7.73902e-05
-7.73890e-05
-7.73857e-05
-7.73839e-05
-7.73825e-05
-7.73792e-05
-7.73776e-05
-7.73759e-05
-7.73726e-05
-7.73713e-05
-7.73692e-05
-7.73659e-05
-7.73650e-05
-7.73626e-05
-7.73593e-05
-7.73587e-05
-7.73560e-05
-7.73526e-05
-7.73524e-05
-7.73493e-05
-7.73460e-05
-7.73460e-05
-7.73426e-05
-7.73397e-05
-7.73393e-05
-7.73360e-05
-7.73334e-05
-7.73326e-05
-7.73293e-05
-7.73270e-05
-7.73259e-05
-7.73225e-05
-7.73207e-05
-7.73192e-05
-7.73158e-05
-7.73144e-05
-7.73124e-05
-7.73090e-05
-7.73080e-05
-7.73057e-05
-7.73023e-05
-7.73016e-05
-7.72989e-05
-7.72955e-05
-7.72953e-05
-7.72921e-05
-7.72889e-05
-7.72887e-05
-7.72853e-05
-7.72825e-05
-7.72819e-05
-7.72785e-05
-7.72762e-05
-7.72751e-05
-7.72716e-05
-7.72698e-05
-7.72682e-05
-7.72648e-05
-7.72634e-05
-7.72614e-05
-7.72579e-05
-7.72570e-05
-7.72545e-05
-7.72510e-05
-7.72506e-05
-7.72476e-05
-7.72442e-05
-7.72441e-05
-7.72407e-05
-7.72378e-05
-7.72372e-05
-7.72338e-05
-7.72314e-05
-7.72303e-05
-7.72268e-05
-7.72250e-05
-7.72234e-05
-7.72199e-05
-7.72185e-05
-7.72164e-05
-7.72129e-05
-7.72121e-05
-7.72094e-05
-7.72059e-05
-7.72057e-05
-7.72024e-05
-7.71992e-05
-7.71989e-05
-7.71954e-05
-7.71928e-05
-7.71919e-05
-7.71884e-05
-7.71864e-05
-7.71849e-05
-7.71814e-05
-7.71799e-05
-7.71778e-05
-7.71743e-05
-7.71734e-05
-7.71708e-05
-7.71672e-05
-7.71670e-05
-7.71637e-05
-7.71605e-05
-7.71601e-05
-7.71566e-05
-7.71540e-05
-7.71530e-05
-7.71495e-05
-7.71476e-05
-7.71459e-05
-7.71423e-05
-7.71411e-05
-7.71388e-05
-7.71352e-05
-7.71346e-05
-7.71316e-05
-7.71281e-05
-7.71280e-05
-7.71245e-05
-7.71216e-05
-7.71209e-05
-7.71173e-05
-7.71151e-05
-7.71137e-05
-7.71101e-05
-7.71086e-05
-7.71065e-05
-7.71029e-05
-7.71021e-05
-7.70992e-05
-7.70956e-05
-7.70956e-05
-7.70920e-05
-7.70890e-05
-7.70884e-05
-7.70847e-05
-7.70825e-05
-7.70811e-05
-7.70775e-05
-7.70760e-05
-7.70726e-05
