SF_Version 0.9.3
03-Sep-2024 23:12:15
Temp(K) Pressure(MPa) Temp(K) Pressure(MPa)  Points 
201.9335 670.8401 249.4176 355.5042 1107.0000
###########################################################
DV (m^3/kg)
-3.78492e-05
-3.78476e-05
-3.78472e-05
-3.78452e-05
-3.78442e-05
-3.78427e-05
-3.78411e-05
-3.78403e-05
-3.78381e-05
-3.78379e-05
-3.78355e-05
-3.78351e-05
-3.78331e-05
-3.78320e-05
-3.78307e-05
-3.78290e-05
-3.78282e-05
-3.78259e-05
-3.78258e-05
-3.78234e-05
-3.78229e-05
-3.78209e-05
-3.78198e-05
-3.78185e-05
-3.78167e-05
-3.78161e-05
-3.78137e-05
-3.78136e-05
-3.78112e-05
-3.78106e-05
-3.78088e-05
-3.78075e-05
-3.78063e-05
-3.78045e-05
-3.78039e-05
-3.78014e-05
-3.78014e-05
-3.77990e-05
-3.77983e-05
-3.77965e-05
-3.77952e-05
-3.77941e-05
-3.77921e-05
-3.77916e-05
-3.77892e-05
-3.77890e-05
-3.77867e-05
-3.77859e-05
-3.77842e-05
-3.77828e-05
-3.77818e-05
-3.77797e-05
-3.77793e-05
-3.77768e-05
-3.77766e-05
-3.77744e-05
-3.77735e-05
-3.77719e-05
-3.77703e-05
-3.77694e-05
-3.77672e-05
-3.77669e-05
-3.77645e-05
-3.77641e-05
-3.77620e-05
-3.77609e-05
-3.77595e-05
-3.77578e-05
-3.77570e-05
-3.77547e-05
-3.77545e-05
-3.77520e-05
-3.77515e-05
-3.77495e-05
-3.77484e-05
-3.77470e-05
-3.77452e-05
-3.77446e-05
-3.77421e-05
-3.77421e-05
-3.77396e-05
-3.77389e-05
-3.77371e-05
-3.77357e-05
-3.77345e-05
-3.77326e-05
-3.77320e-05
-3.77295e-05
-3.77294e-05
-3.77270e-05
-3.77262e-05
-3.77245e-05
-3.77230e-05
-3.77220e-05
-3.77198e-05
-3.77195e-05
-3.77170e-05
-3.77167e-05
-3.77144e-05
-3.77135e-05
-3.77119e-05
-3.77103e-05
-3.77094e-05
-3.77071e-05
-3.77069e-05
-3.77043e-05
-3.77039e-05
-3.77018e-05
-3.77006e-05
-3.76993e-05
-3.76974e-05
-3.76967e-05
-3.76942e-05
-3.76942e-05
-3.76916e-05
-3.76910e-05
-3.76891e-05
-3.76878e-05
-3.76866e-05
-3.76845e-05
-3.76840e-05
-3.76815e-05
-3.76813e-05
-3.76789e-05
-3.76781e-05
-3.76764e-05
-3.76748e-05
-3.76738e-05
-3.76716e-05
-3.76712e-05
-3.76687e-05
-3.76683e-05
-3.76661e-05
-3.76650e-05
-3.76636e-05
-3.76618e-05
-3.76610e-05
-3.76585e-05
-3.76584e-05
-3.76559e-05
-3.76553e-05
-3.76533e-05
-3.76520e-05
-3.76507e-05
-3.76487e-05
-3.76481e-05
-3.76455e-05
-3.76454e-05
-3.76430e-05
-3.76421e-05
-3.76404e-05
-3.76388e-05
-3.76378e-05
-3.76355e-05
-3.76352e-05
-3.76326e-05
-3.76323e-05
-3.76300e-05
-3.76289e-05
-3.76274e-05
-3.76256e-05
-3.76248e-05
-3.76223e-05
-3.76222e-05
-3.76196e-05
-3.76190e-05
-3.76170e-05
-3.76157e-05
-3.76144e-05
-3.76124e-05
-3.76118e-05
-3.76092e-05
-3.76090e-05
-3.76066e-05
-3.76057e-05
-3.76040e-05
-3.76024e-05
-3.76013e-05
-3.75990e-05
-3.75987e-05
-3.75961e-05
-3.75957e-05
-3.75935e-05
-3.75923e-05
-3.75908e-05
-3.75890e-05
-3.75882e-05
-3.75856e-05
-3.75856e-05
-3.75830e-05
-3.75822e-05
-3.75803e-05
-3.75789e-05
-3.75777e-05
-3.75755e-05
-3.75750e-05
-3.75724e-05
-3.75721e-05
-3.75698e-05
-3.75687e-05
-3.75671e-05
-3.75654e-05
-3.75645e-05
-3.75620e-05
-3.75618e-05
-3.75591e-05
-3.75586e-05
-3.75565e-05
-3.75552e-05
-3.75538e-05
-3.75518e-05
-3.75512e-05
-3.75485e-05
-3.75484e-05
-3.75458e-05
-3.75449e-05
-3.75432e-05
-3.75415e-05
-3.75405e-05
-3.75381e-05
-3.75378e-05
-3.75352e-05
-3.75347e-05
-3.75325e-05
-3.75312e-05
-3.75298e-05
-3.75278e-05
-3.75271e-05
-3.75244e-05
-3.75244e-05
-3.75218e-05
-3.75209e-05
-3.75191e-05
-3.75175e-05
-3.75164e-05
-3.75140e-05
-3.75137e-05
-3.75110e-05
-3.75106e-05
-3.75083e-05
-3.75071e-05
-3.75056e-05
-3.75036e-05
-3.75029e-05
-3.75002e-05
-3.75002e-05
-3.74975e-05
-3.74967e-05
-3.74948e-05
-3.74932e-05
-3.74921e-05
-3.74897e-05
-3.74893e-05
-3.74866e-05
-3.74862e-05
-3.74839e-05
-3.74827e-05
-3.74812e-05
-3.74792e-05
-3.74785e-05
-3.74757e-05
-3.74757e-05
-3.74730e-05
-3.74722e-05
-3.74703e-05
-3.74687e-05
-3.74675e-05
-3.74652e-05
-3.74648e-05
-3.74621e-05
-3.74617e-05
-3.74593e-05
-3.74581e-05
-3.74566e-05
-3.74546e-05
-3.74538e-05
-3.74511e-05
-3.74511e-05
-3.74484e-05
-3.74475e-05
-3.74456e-05
-3.74440e-05
-3.74428e-05
-3.74404e-05
-3.74401e-05
-3.74373e-05
-3.74369e-05
-3.74346e-05
-3.74333e-05
-3.74318e-05
-3.74298e-05
-3.74290e-05
-3.74263e-05
-3.74262e-05
-3.74235e-05
-3.74226e-05
-3.74207e-05
-3.74190e-05
-3.74180e-05
-3.74154e-05
-3.74152e-05
-3.74124e-05
-3.74119e-05
-3.74096e-05
-3.74083e-05
-3.74068e-05
-3.74047e-05
-3.74040e-05
-3.74013e-05
-3.74011e-05
-3.73985e-05
-3.73975e-05
-3.73957e-05
-3.73938e-05
-3.73929e-05
-3.73902e-05
-3.73901e-05
-3.73873e-05
-3.73866e-05
-3.73845e-05
-3.73830e-05
-3.73817e-05
-3.73793e-05
-3.73789e-05
-3.73760e-05
-3.73757e-05
-3.73732e-05
-3.73721e-05
-3.73704e-05
-3.73684e-05
-3.73676e-05
-3.73648e-05
-3.73648e-05
-3.73620e-05
-3.73611e-05
-3.73591e-05
-3.73574e-05
-3.73563e-05
-3.73538e-05
-3.73535e-05
-3.73506e-05
-3.73501e-05
-3.73478e-05
-3.73464e-05
-3.73450e-05
-3.73428e-05
-3.73421e-05
-3.73393e-05
-3.73391e-05
-3.73364e-05
-3.73354e-05
-3.73336e-05
-3.73317e-05
-3.73307e-05
-3.73280e-05
-3.73279e-05
-3.73250e-05
-3.73243e-05
-3.73222e-05
-3.73206e-05
-3.73193e-05
-3.73168e-05
-3.73165e-05
-3.73136e-05
-3.73131e-05
-3.73107e-05
-3.73094e-05
-3.73079e-05
-3.73057e-05
-3.73050e-05
-3.73021e-05
-3.73019e-05
-3.72992e-05
-3.72982e-05
-3.72964e-05
-3.72944e-05
-3.72935e-05
-3.72907e-05
-3.72906e-05
-3.72877e-05
-3.72869e-05
-3.72848e-05
-3.72832e-05
-3.72819e-05
-3.72794e-05
-3.72790e-05
-3.72761e-05
-3.72756e-05
-3.72732e-05
-3.72719e-05
-3.72703e-05
-3.72681e-05
-3.72674e-05
-3.72645e-05
-3.72643e-05
-3.72616e-05
-3.72605e-05
-3.72587e-05
-3.72567e-05
-3.72558e-05
-3.72529e-05
-3.72529e-05
-3.72500e-05
-3.72491e-05
-3.72470e-05
-3.72453e-05
-3.72441e-05
-3.72415e-05
-3.72412e-05
-3.72383e-05
-3.72377e-05
-3.72353e-05
-3.72338e-05
-3.72324e-05
-3.72300e-05
-3.72295e-05
-3.72265e-05
-3.72262e-05
-3.72236e-05
-3.72223e-05
-3.72206e-05
-3.72185e-05
-3.72177e-05
-3.72148e-05
-3.72146e-05
-3.72118e-05
-3.72108e-05
-3.72088e-05
-3.72069e-05
-3.72059e-05
-3.72030e-05
-3.72029e-05
-3.72000e-05
-3.71991e-05
-3.71970e-05
-3.71953e-05
-3.71940e-05
-3.71914e-05
-3.71911e-05
-3.71881e-05
-3.71875e-05
-3.71851e-05
-3.71836e-05
-3.71822e-05
-3.71797e-05
-3.71792e-05
-3.71762e-05
-3.71758e-05
-3.71732e-05
-3.71719e-05
-3.71702e-05
-3.71680e-05
-3.71672e-05
-3.71642e-05
-3.71640e-05
-3.71612e-05
-3.71601e-05
-3.71583e-05
-3.71562e-05
-3.71553e-05
-3.71523e-05
-3.71522e-05
-3.71492e-05
-3.71483e-05
-3.71462e-05
-3.71444e-05
-3.71432e-05
-3.71404e-05
-3.71402e-05
-3.71372e-05
-3.71364e-05
-3.71342e-05
-3.71325e-05
-3.71312e-05
-3.71285e-05
-3.71281e-05
-3.71251e-05
-3.71245e-05
-3.71221e-05
-3.71205e-05
-3.71191e-05
-3.71166e-05
-3.71160e-05
-3.71130e-05
-3.71126e-05
-3.71100e-05
-3.71086e-05
-3.71069e-05
-3.71046e-05
-3.71039e-05
-3.71008e-05
-3.71006e-05
-3.70978e-05
-3.70965e-05
-3.70947e-05
-3.70925e-05
-3.70917e-05
-3.70886e-05
-3.70885e-05
-3.70856e-05
-3.70845e-05
-3.70825e-05
-3.70804e-05
-3.70794e-05
-3.70764e-05
-3.70764e-05
-3.70733e-05
-3.70723e-05
-3.70702e-05
-3.70683e-05
-3.70671e-05
-3.70642e-05
-3.70641e-05
-3.70610e-05
-3.70602e-05
-3.70579e-05
-3.70561e-05
-3.70548e-05
-3.70520e-05
-3.70517e-05
-3.70486e-05
-3.70479e-05
-3.70456e-05
-3.70439e-05
-3.70425e-05
-3.70398e-05
-3.70394e-05
-3.70363e-05
-3.70357e-05
-3.70332e-05
-3.70316e-05
-3.70300e-05
-3.70275e-05
-3.70269e-05
-3.70238e-05
-3.70233e-05
-3.70207e-05
-3.70192e-05
-3.70176e-05
-3.70151e-05
-3.70145e-05
-3.70114e-05
-3.70110e-05
-3.70082e-05
-3.70068e-05
-3.70051e-05
-3.70027e-05
-3.70020e-05
-3.69988e-05
-3.69985e-05
-3.69957e-05
-3.69944e-05
-3.69926e-05
-3.69902e-05
-3.69894e-05
-3.69863e-05
-3.69860e-05
-3.69831e-05
-3.69819e-05
-3.69800e-05
-3.69777e-05
-3.69768e-05
-3.69737e-05
-3.69735e-05
-3.69705e-05
-3.69693e-05
-3.69674e-05
-3.69651e-05
-3.69642e-05
-3.69610e-05
-3.69609e-05
-3.69579e-05
-3.69567e-05
-3.69547e-05
-3.69525e-05
-3.69515e-05
-3.69483e-05
-3.69483e-05
-3.69452e-05
-3.69441e-05
-3.69420e-05
-3.69398e-05
-3.69388e-05
-3.69356e-05
-3.69356e-05
-3.69324e-05
-3.69313e-05
-3.69292e-05
-3.69271e-05
-3.69260e-05
-3.69228e-05
-3.69228e-05
-3.69196e-05
-3.69186e-05
-3.69164e-05
-3.69143e-05
-3.69132e-05
-3.69100e-05
-3.69100e-05
-3.69068e-05
-3.69058e-05
-3.69036e-05
-3.69015e-05
-3.69004e-05
-3.68972e-05
-3.68971e-05
-3.68939e-05
-3.68929e-05
-3.68907e-05
-3.68886e-05
-3.68875e-05
-3.68843e-05
-3.68842e-05
-3.68810e-05
-3.68800e-05
-3.68778e-05
-3.68756e-05
-3.68745e-05
-3.68713e-05
-3.68713e-05
-3.68680e-05
-3.68670e-05
-3.68648e-05
-3.68626e-05
-3.68615e-05
-3.68583e-05
-3.68583e-05
-3.68550e-05
-3.68539e-05
-3.68518e-05
-3.68496e-05
-3.68485e-05
-3.68452e-05
-3.68452e-05
-3.68420e-05
-3.68408e-05
-3.68387e-05
-3.68365e-05
-3.68354e-05
-3.68321e-05
-3.68321e-05
-3.68289e-05
-3.68277e-05
-3.68256e-05
-3.68233e-05
-3.68223e-05
-3.68190e-05
-3.68189e-05
-3.68157e-05
-3.68145e-05
-3.68124e-05
-3.68101e-05
-3.68091e-05
-3.68058e-05
-3.68057e-05
-3.68025e-05
-3.68012e-05
-3.67992e-05
-3.67968e-05
-3.67959e-05
-3.67926e-05
-3.67924e-05
-3.67893e-05
-3.67879e-05
-3.67860e-05
-3.67835e-05
-3.67826e-05
-3.67793e-05
-3.67790e-05
-3.67760e-05
-3.67745e-05
-3.67727e-05
-3.67701e-05
-3.67693e-05
-3.67660e-05
-3.67656e-05
-3.67627e-05
-3.67611e-05
-3.67593e-05
-3.67566e-05
-3.67560e-05
-3.67526e-05
-3.67521e-05
-3.67493e-05
-3.67476e-05
-3.67459e-05
-3.67431e-05
-3.67426e-05
-3.67392e-05
-3.67386e-05
-3.67359e-05
-3.67341e-05
-3.67325e-05
-3.67295e-05
-3.67291e-05
-3.67258e-05
-3.67250e-05
-3.67224e-05
-3.67205e-05
-3.67190e-05
-3.67159e-05
-3.67156e-05
-3.67123e-05
-3.67113e-05
-3.67089e-05
-3.67068e-05
-3.67055e-05
-3.67022e-05
-3.67021e-05
-3.66987e-05
-3.66976e-05
-3.66953e-05
-3.66931e-05
-3.66919e-05
-3.66885e-05
-3.66885e-05
-3.66851e-05
-3.66839e-05
-3.66817e-05
-3.66793e-05
-3.66783e-05
-3.66749e-05
-3.66747e-05
-3.66715e-05
-3.66700e-05
-3.66680e-05
-3.66654e-05
-3.66646e-05
-3.66612e-05
-3.66608e-05
-3.66578e-05
-3.66562e-05
-3.66543e-05
-3.66515e-05
-3.66509e-05
-3.66475e-05
-3.66469e-05
-3.66440e-05
-3.66422e-05
-3.66406e-05
-3.66376e-05
-3.66371e-05
-3.66337e-05
-3.66329e-05
-3.66302e-05
-3.66282e-05
-3.66268e-05
-3.66235e-05
-3.66233e-05
-3.66199e-05
-3.66188e-05
-3.66164e-05
-3.66141e-05
-3.66129e-05
-3.66095e-05
-3.66094e-05
-3.66060e-05
-3.66047e-05
-3.66025e-05
-3.66000e-05
-3.65990e-05
-3.65955e-05
-3.65953e-05
-3.65921e-05
-3.65906e-05
-3.65886e-05
-3.65858e-05
-3.65851e-05
-3.65816e-05
-3.65811e-05
-3.65781e-05
-3.65763e-05
-3.65746e-05
-3.65716e-05
-3.65711e-05
-3.65676e-05
-3.65668e-05
-3.65641e-05
-3.65620e-05
-3.65606e-05
-3.65572e-05
-3.65570e-05
-3.65535e-05
-3.65525e-05
-3.65500e-05
-3.65477e-05
-3.65465e-05
-3.65430e-05
-3.65429e-05
-3.65394e-05
-3.65381e-05
-3.65359e-05
-3.65332e-05
-3.65324e-05
-3.65288e-05
-3.65284e-05
-3.65253e-05
-3.65236e-05
-3.65217e-05
-3.65188e-05
-3.65182e-05
-3.65146e-05
-3.65139e-05
-3.65111e-05
-3.65091e-05
-3.65075e-05
-3.65042e-05
-3.65039e-05
-3.65004e-05
-3.64993e-05
-3.64968e-05
-3.64945e-05
-3.64932e-05
-3.64897e-05
-3.64896e-05
-3.64861e-05
-3.64847e-05
-3.64825e-05
-3.64798e-05
-3.64789e-05
-3.64753e-05
-3.64749e-05
-3.64717e-05
-3.64700e-05
-3.64681e-05
-3.64651e-05
-3.64646e-05
-3.64610e-05
-3.64602e-05
-3.64573e-05
-3.64552e-05
-3.64537e-05
-3.64503e-05
-3.64501e-05
-3.64465e-05
-3.64453e-05
-3.64429e-05
-3.64404e-05
-3.64393e-05
-3.64357e-05
-3.64354e-05
-3.64320e-05
-3.64305e-05
-3.64284e-05
-3.64255e-05
-3.64248e-05
-3.64211e-05
-3.64205e-05
-3.64175e-05
-3.64155e-05
-3.64139e-05
-3.64105e-05
-3.64102e-05
-3.64066e-05
-3.64055e-05
-3.64029e-05
-3.64005e-05
-3.63993e-05
-3.63956e-05
-3.63955e-05
-3.63920e-05
-3.63905e-05
-3.63883e-05
-3.63854e-05
-3.63846e-05
-3.63810e-05
-3.63804e-05
-3.63773e-05
-3.63753e-05
-3.63736e-05
-3.63703e-05
-3.63699e-05
-3.63662e-05
-3.63652e-05
-3.63626e-05
-3.63601e-05
-3.63589e-05
-3.63552e-05
-3.63550e-05
-3.63515e-05
-3.63500e-05
-3.63478e-05
-3.63449e-05
-3.63441e-05
-3.63404e-05
-3.63398e-05
-3.63367e-05
-3.63346e-05
-3.63329e-05
-3.63295e-05
-3.63292e-05
-3.63255e-05
-3.63244e-05
-3.63218e-05
-3.63193e-05
-3.63181e-05
-3.63143e-05
-3.63141e-05
-3.63106e-05
-3.63090e-05
-3.63069e-05
-3.63038e-05
-3.63031e-05
-3.62994e-05
-3.62986e-05
-3.62956e-05
-3.62935e-05
-3.62919e-05
-3.62883e-05
-3.62881e-05
-3.62844e-05
-3.62831e-05
-3.62806e-05
-3.62779e-05
-3.62768e-05
-3.62731e-05
-3.62727e-05
-3.62693e-05
-3.62675e-05
-3.62655e-05
-3.62622e-05
-3.62618e-05
-3.62580e-05
-3.62570e-05
-3.62542e-05
-3.62518e-05
-3.62504e-05
-3.62466e-05
-3.62465e-05
-3.62428e-05
-3.62413e-05
-3.62390e-05
-3.62360e-05
-3.62352e-05
-3.62314e-05
-3.62307e-05
-3.62276e-05
-3.62255e-05
-3.62238e-05
-3.62202e-05
-3.62200e-05
-3.62162e-05
-3.62149e-05
-3.62124e-05
-3.62096e-05
-3.62085e-05
-3.62047e-05
-3.62042e-05
-3.62009e-05
-3.61989e-05
-3.61970e-05
-3.61936e-05
-3.61932e-05
-3.61894e-05
-3.61883e-05
-3.61855e-05
-3.61829e-05
-3.61817e-05
-3.61778e-05
-3.61776e-05
-3.61740e-05
-3.61722e-05
-3.61701e-05
-3.61668e-05
-3.61662e-05
-3.61624e-05
-3.61614e-05
-3.61585e-05
-3.61560e-05
-3.61546e-05
-3.61507e-05
-3.61507e-05
-3.61469e-05
-3.61452e-05
-3.61430e-05
-3.61398e-05
-3.61391e-05
-3.61352e-05
-3.61344e-05
-3.61313e-05
-3.61290e-05
-3.61274e-05
-3.61235e-05
-3.61235e-05
-3.61196e-05
-3.61181e-05
-3.61157e-05
-3.61126e-05
-3.61118e-05
-3.61079e-05
-3.61072e-05
-3.61039e-05
-3.61017e-05
-3.61000e-05
-3.60962e-05
-3.60961e-05
-3.60922e-05
-3.60907e-05
-3.60882e-05
-3.60852e-05
-3.60843e-05
-3.60803e-05
-3.60797e-05
-3.60764e-05
-3.60742e-05
-3.60725e-05
-3.60686e-05
-3.60685e-05
-3.60645e-05
-3.60631e-05
-3.60606e-05
-3.60576e-05
-3.60566e-05
-3.60527e-05
-3.60520e-05
-3.60487e-05
-3.60464e-05
-3.60447e-05
-3.60409e-05
-3.60407e-05
-3.60367e-05
-3.60353e-05
-3.60328e-05
-3.60297e-05
-3.60288e-05
-3.60248e-05
-3.60241e-05
-3.60208e-05
-3.60185e-05
-3.60168e-05
-3.60129e-05
-3.60128e-05
-3.60088e-05
-3.60072e-05
-3.60048e-05
-3.60016e-05
-3.60007e-05
-3.59967e-05
-3.59960e-05
-3.59927e-05
-3.59903e-05
-3.59887e-05
-3.59846e-05
-3.59846e-05
-3.59806e-05
-3.59790e-05
-3.59766e-05
-3.59733e-05
-3.59725e-05
-3.59685e-05
-3.59676e-05
-3.59644e-05
-3.59619e-05
-3.59604e-05
-3.59563e-05
-3.59562e-05
-3.59523e-05
-3.59505e-05
-3.59482e-05
-3.59447e-05
-3.59441e-05
-3.59401e-05
-3.59390e-05
-3.59360e-05
-3.59332e-05
-3.59319e-05
-3.59278e-05
-3.59275e-05
-3.59237e-05
-3.59217e-05
-3.59196e-05
-3.59159e-05
-3.59156e-05
-3.59115e-05
-3.59101e-05
-3.59073e-05
-3.59043e-05
-3.59032e-05
-3.58991e-05
-3.58985e-05
-3.58950e-05
-3.58927e-05
-3.58909e-05
-3.58869e-05
-3.58868e-05
-3.58827e-05
-3.58811e-05
-3.58785e-05
-3.58752e-05
-3.58744e-05
-3.58703e-05
-3.58694e-05
-3.58661e-05
-3.58635e-05
-3.58620e-05
-3.58578e-05
-3.58576e-05
-3.58537e-05
-3.58517e-05
-3.58495e-05
-3.58458e-05
-3.58453e-05
-3.58412e-05
-3.58399e-05
-3.58370e-05
-3.58340e-05
-3.58329e-05
