SF_Version 0.9.3
03-Sep-2024 23:12:15
Temp(K) Pressure(MPa) Temp(K) Pressure(MPa)  Points 
238.2371 209.8850 251.1191 207.5930 134.0000
###########################################################
DV (m^3/kg)
-8.63746e-04
-8.63759e-04
-8.63778e-04
-8.63798e-04
-8.63818e-04
-8.63838e-04
-8.63858e-04
-8.63878e-04
4.70677e-05
4.70798e-05
4.70920e-05
4.71041e-05
4.71163e-05
4.71285e-05
4.71408e-05
4.71530e-05
4.71653e-05
4.71776e-05
4.71900e-05
4.72023e-05
4.72147e-05
4.72271e-05
4.72336e-05
4.72395e-05
4.72520e-05
4.72644e-05
4.72769e-05
4.72895e-05
4.73020e-05
4.73146e-05
4.73272e-05
4.73398e-05
4.73524e-05
4.73651e-05
4.73777e-05
4.73904e-05
4.74032e-05
4.74159e-05
4.74287e-05
4.74415e-05
4.74543e-05
4.74671e-05
4.74800e-05
4.74928e-05
4.75057e-05
4.75187e-05
4.75316e-05
4.75446e-05
4.75575e-05
4.75705e-05
4.75836e-05
4.75847e-05
4.75966e-05
4.76097e-05
4.76227e-05
4.76359e-05
4.76490e-05
4.76621e-05
4.76753e-05
4.76885e-05
4.77017e-05
4.77149e-05
4.77281e-05
4.77414e-05
4.77547e-05
4.77680e-05
4.77813e-05
4.77946e-05
4.78080e-05
4.78214e-05
4.78348e-05
4.78482e-05
4.78616e-05
4.78750e-05
4.78885e-05
4.79020e-05
4.79155e-05
4.79290e-05
4.79425e-05
4.79561e-05
4.79574e-05
4.79696e-05
4.79832e-05
4.79968e-05
4.80105e-05
4.80241e-05
4.80377e-05
4.80514e-05
4.80651e-05
4.80788e-05
4.80925e-05
4.81062e-05
4.81200e-05
4.81337e-05
4.81475e-05
4.81613e-05
4.81751e-05
4.81889e-05
4.82027e-05
4.82166e-05
4.82304e-05
4.82443e-05
4.82582e-05
4.82721e-05
4.82860e-05
4.83000e-05
4.83139e-05
4.83279e-05
4.83418e-05
4.83501e-05
4.83558e-05
4.83698e-05
4.83838e-05
4.83978e-05
4.84119e-05
4.84259e-05
4.84400e-05
4.84540e-05
4.84681e-05
4.84822e-05
4.84963e-05
4.85104e-05
4.85245e-05
4.85387e-05
4.85528e-05
4.85670e-05
4.85811e-05
4.85953e-05
4.86095e-05
4.86237e-05
4.86379e-05
4.86521e-05
4.86663e-05
4.86833e-05
