SF_Version 0.9.3
19-Aug-2024 12:30:30
Temp(K) Pressure(MPa) Temp(K) Pressure(MPa)  Points 
258.7257 490.0000 240.0000 51.7935 1065.0000
###########################################################
DV (m^3/kg)
1.21956e-05
1.22392e-05
1.22828e-05
1.23265e-05
1.23702e-05
1.23829e-05
1.24139e-05
1.24577e-05
1.25015e-05
1.25454e-05
1.25893e-05
1.26333e-05
1.26774e-05
1.27214e-05
1.27655e-05
1.28097e-05
1.28539e-05
1.28982e-05
1.29425e-05
1.29869e-05
1.30313e-05
1.30757e-05
1.30952e-05
1.31202e-05
1.31648e-05
1.32094e-05
1.32540e-05
1.32987e-05
1.33435e-05
1.33883e-05
1.34331e-05
1.34780e-05
1.35229e-05
1.35679e-05
1.36130e-05
1.36580e-05
1.37032e-05
1.37484e-05
1.37828e-05
1.37936e-05
1.38389e-05
1.38842e-05
1.39296e-05
1.39750e-05
1.40205e-05
1.40660e-05
1.41116e-05
1.41573e-05
1.42029e-05
1.42487e-05
1.42945e-05
1.43403e-05
1.43862e-05
1.44321e-05
1.44489e-05
1.44781e-05
1.45241e-05
1.45702e-05
1.46164e-05
1.46625e-05
1.47088e-05
1.47551e-05
1.48014e-05
1.48478e-05
1.48943e-05
1.49408e-05
1.49873e-05
1.50339e-05
1.50806e-05
1.50961e-05
1.51273e-05
1.51740e-05
1.52208e-05
1.52677e-05
1.53146e-05
1.53616e-05
1.54086e-05
1.54557e-05
1.55028e-05
1.55500e-05
1.55972e-05
1.56445e-05
1.56918e-05
1.57265e-05
1.57392e-05
1.57867e-05
1.58341e-05
1.58817e-05
1.59293e-05
1.59770e-05
1.60247e-05
1.60724e-05
1.61203e-05
1.61681e-05
1.62161e-05
1.62640e-05
1.63121e-05
1.63420e-05
1.63602e-05
1.64083e-05
1.64565e-05
1.65048e-05
1.65531e-05
1.66015e-05
1.66499e-05
1.66984e-05
1.67469e-05
1.67955e-05
1.68442e-05
1.68929e-05
1.69416e-05
1.69441e-05
1.69904e-05
1.70393e-05
1.70882e-05
1.71372e-05
1.71863e-05
1.72354e-05
1.72845e-05
1.73337e-05
1.73830e-05
1.74323e-05
1.74817e-05
1.75312e-05
1.75340e-05
1.75807e-05
1.76302e-05
1.76798e-05
1.77295e-05
1.77793e-05
1.78291e-05
1.78789e-05
1.79288e-05
1.79788e-05
1.80288e-05
1.80789e-05
1.81129e-05
1.81291e-05
1.81793e-05
1.82295e-05
1.82799e-05
1.83302e-05
1.83807e-05
1.84312e-05
1.84818e-05
1.85324e-05
1.85831e-05
1.86338e-05
1.86817e-05
1.86847e-05
1.87355e-05
1.87865e-05
1.88375e-05
1.88885e-05
1.89396e-05
1.89908e-05
1.90420e-05
1.90934e-05
1.91447e-05
1.91962e-05
1.92413e-05
1.92476e-05
1.92992e-05
1.93508e-05
1.94025e-05
1.94542e-05
1.95060e-05
1.95579e-05
1.96099e-05
1.96619e-05
1.97139e-05
1.97660e-05
1.97924e-05
1.98182e-05
1.98705e-05
1.99228e-05
1.99752e-05
2.00276e-05
2.00802e-05
2.01327e-05
2.01854e-05
2.02381e-05
2.02909e-05
2.03358e-05
2.03437e-05
2.03966e-05
2.04496e-05
2.05026e-05
2.05557e-05
2.06089e-05
2.06621e-05
2.07154e-05
2.07688e-05
2.08222e-05
2.08719e-05
2.08757e-05
2.09293e-05
2.09829e-05
2.10366e-05
2.10904e-05
2.11443e-05
2.11982e-05
2.12521e-05
2.13062e-05
2.13603e-05
2.14012e-05
2.14145e-05
2.14687e-05
2.15230e-05
2.15774e-05
2.16319e-05
2.16864e-05
2.17410e-05
2.17956e-05
2.18504e-05
2.19052e-05
2.19242e-05
2.19600e-05
2.20150e-05
2.20700e-05
2.21251e-05
2.21802e-05
2.22354e-05
2.22907e-05
2.23461e-05
2.24015e-05
2.24414e-05
2.24570e-05
2.25126e-05
2.25682e-05
2.26240e-05
2.26798e-05
2.27356e-05
2.27916e-05
2.28476e-05
2.29036e-05
2.29530e-05
2.29598e-05
2.30160e-05
2.30723e-05
2.31287e-05
2.31852e-05
2.32417e-05
2.32983e-05
2.33549e-05
2.34117e-05
2.34595e-05
2.34685e-05
2.35254e-05
2.35824e-05
2.36394e-05
2.36966e-05
2.37538e-05
2.38110e-05
2.38684e-05
2.39258e-05
2.39612e-05
2.39833e-05
2.40409e-05
2.40986e-05
2.41563e-05
2.42141e-05
2.42720e-05
2.43300e-05
2.43880e-05
2.44461e-05
2.44584e-05
2.45044e-05
2.45626e-05
2.46210e-05
2.46794e-05
2.47380e-05
2.47966e-05
2.48553e-05
2.49140e-05
2.49513e-05
2.49729e-05
2.50318e-05
2.50908e-05
2.51499e-05
2.52090e-05
2.52683e-05
2.53276e-05
2.53870e-05
2.54403e-05
2.54465e-05
2.55061e-05
2.55657e-05
2.56255e-05
2.56853e-05
2.57452e-05
2.58052e-05
2.58653e-05
2.59254e-05
2.59255e-05
2.59857e-05
2.60460e-05
2.61064e-05
2.61669e-05
2.62274e-05
2.62881e-05
2.63488e-05
2.64072e-05
2.64096e-05
2.64706e-05
2.65316e-05
2.65926e-05
2.66538e-05
2.67150e-05
2.67764e-05
2.68378e-05
2.68854e-05
2.68993e-05
2.69609e-05
2.70226e-05
2.70844e-05
2.71462e-05
2.72082e-05
2.72702e-05
2.73323e-05
2.73604e-05
2.73945e-05
2.74568e-05
2.75192e-05
2.75817e-05
2.76443e-05
2.77069e-05
2.77697e-05
2.78324e-05
2.78325e-05
2.78954e-05
2.79584e-05
2.80215e-05
2.80847e-05
2.81480e-05
2.82114e-05
2.82748e-05
2.83015e-05
2.83384e-05
2.84021e-05
2.84658e-05
2.85296e-05
2.85936e-05
2.86576e-05
2.87217e-05
2.87679e-05
2.87859e-05
2.88502e-05
2.89146e-05
2.89791e-05
2.90437e-05
2.91084e-05
2.91732e-05
2.92317e-05
2.92380e-05
2.93030e-05
2.93681e-05
2.94332e-05
2.94985e-05
2.95638e-05
2.96293e-05
2.96930e-05
2.96948e-05
2.97605e-05
2.98262e-05
2.98921e-05
2.99580e-05
3.00240e-05
3.00902e-05
3.01520e-05
3.01564e-05
3.02228e-05
3.02892e-05
3.03557e-05
3.04224e-05
3.04891e-05
3.05560e-05
3.06088e-05
3.06229e-05
3.06899e-05
3.07571e-05
3.08243e-05
3.08917e-05
3.09592e-05
3.10267e-05
3.10635e-05
3.10944e-05
3.11621e-05
3.12300e-05
3.12980e-05
3.13661e-05
3.14343e-05
3.15026e-05
3.15162e-05
3.15710e-05
3.16395e-05
3.17081e-05
3.17768e-05
3.18456e-05
3.19145e-05
3.19670e-05
3.19836e-05
3.20527e-05
3.21220e-05
3.21914e-05
3.22608e-05
3.23304e-05
3.24001e-05
3.24160e-05
3.24699e-05
3.25398e-05
3.26099e-05
3.26800e-05
3.27502e-05
3.28206e-05
3.28634e-05
3.28911e-05
3.29617e-05
3.30323e-05
3.31032e-05
3.31741e-05
3.32451e-05
3.33091e-05
3.33163e-05
3.33875e-05
3.34589e-05
3.35304e-05
3.36020e-05
3.36737e-05
3.37456e-05
3.37533e-05
3.38175e-05
3.38896e-05
3.39618e-05
3.40341e-05
3.41065e-05
3.41790e-05
3.41960e-05
3.42517e-05
3.43245e-05
3.43974e-05
3.44704e-05
3.45435e-05
3.46168e-05
3.46373e-05
3.46901e-05
3.47636e-05
3.48373e-05
3.49110e-05
3.49848e-05
3.50588e-05
3.50772e-05
3.51329e-05
3.52072e-05
3.52815e-05
3.53560e-05
3.54306e-05
3.55053e-05
3.55159e-05
3.55801e-05
3.56551e-05
3.57302e-05
3.58054e-05
3.58808e-05
3.59534e-05
3.59563e-05
3.60319e-05
3.61076e-05
3.61835e-05
3.62594e-05
3.63356e-05
3.63897e-05
3.64118e-05
3.64882e-05
3.65647e-05
3.66413e-05
3.67181e-05
3.67950e-05
3.68250e-05
3.68720e-05
3.69492e-05
3.70265e-05
3.71039e-05
3.71815e-05
3.72592e-05
3.72592e-05
3.73370e-05
3.74149e-05
3.74930e-05
3.75713e-05
3.76497e-05
3.76925e-05
3.77282e-05
3.78068e-05
3.78856e-05
3.79645e-05
3.80436e-05
3.81228e-05
3.81248e-05
3.82021e-05
3.82816e-05
3.83612e-05
3.84410e-05
3.85209e-05
3.85563e-05
3.86009e-05
3.86811e-05
3.87614e-05
3.88419e-05
3.89225e-05
3.89870e-05
3.90033e-05
3.90842e-05
3.91653e-05
3.92465e-05
3.93278e-05
3.94093e-05
3.94169e-05
3.94909e-05
3.95727e-05
3.96547e-05
3.97368e-05
3.98190e-05
3.98461e-05
3.99014e-05
3.99839e-05
4.00666e-05
4.01494e-05
4.02324e-05
4.02746e-05
4.03156e-05
4.03989e-05
4.04823e-05
4.05659e-05
4.06497e-05
4.07025e-05
4.07336e-05
4.08177e-05
4.09019e-05
4.09863e-05
4.10709e-05
4.11299e-05
4.11556e-05
4.12404e-05
4.13254e-05
4.14106e-05
4.14960e-05
4.15566e-05
4.15815e-05
4.16671e-05
4.17530e-05
4.18389e-05
4.19251e-05
4.19829e-05
4.20114e-05
4.20979e-05
4.21845e-05
4.22714e-05
4.23583e-05
4.24087e-05
4.24455e-05
4.25328e-05
4.26203e-05
4.27079e-05
4.27958e-05
4.28341e-05
4.28837e-05
4.29719e-05
4.30602e-05
4.31488e-05
4.32374e-05
4.32591e-05
4.33263e-05
4.34153e-05
4.35045e-05
4.35939e-05
4.36834e-05
4.36837e-05
4.37732e-05
4.38631e-05
4.39532e-05
4.40434e-05
4.41080e-05
4.41339e-05
4.42245e-05
4.43153e-05
4.44063e-05
4.44975e-05
4.45320e-05
4.45888e-05
4.46804e-05
4.47721e-05
4.48640e-05
4.49558e-05
4.49561e-05
4.50484e-05
4.51408e-05
4.52335e-05
4.53263e-05
4.53793e-05
4.54194e-05
4.55126e-05
4.56060e-05
4.56996e-05
4.57934e-05
4.58026e-05
4.58874e-05
4.59816e-05
4.60760e-05
4.61706e-05
4.62258e-05
4.62654e-05
4.63604e-05
4.64556e-05
4.65509e-05
4.66465e-05
4.66489e-05
4.67423e-05
4.68383e-05
4.69345e-05
4.70309e-05
4.70719e-05
4.71275e-05
4.72243e-05
4.73213e-05
4.74186e-05
4.74949e-05
4.75160e-05
4.76137e-05
4.77115e-05
4.78096e-05
4.79079e-05
4.79179e-05
4.80064e-05
4.81051e-05
4.82040e-05
4.83031e-05
4.83408e-05
4.84025e-05
4.85021e-05
4.86019e-05
4.87019e-05
4.87639e-05
4.88021e-05
4.89026e-05
4.90033e-05
4.91042e-05
4.91870e-05
4.92054e-05
4.93067e-05
4.94083e-05
4.95101e-05
4.96102e-05
4.96122e-05
4.97145e-05
4.98170e-05
4.99197e-05
5.00227e-05
5.00335e-05
5.01259e-05
5.02294e-05
5.03330e-05
5.04370e-05
5.04570e-05
5.05411e-05
5.06455e-05
5.07502e-05
5.08550e-05
5.08806e-05
5.09602e-05
5.10655e-05
5.11712e-05
5.12770e-05
5.13045e-05
5.13831e-05
5.14895e-05
5.15961e-05
5.17030e-05
5.17286e-05
5.18101e-05
5.19174e-05
5.20250e-05
5.21329e-05
5.21529e-05
5.22411e-05
5.23494e-05
5.24581e-05
5.25670e-05
5.25775e-05
5.26762e-05
5.27856e-05
5.28953e-05
5.30024e-05
5.30052e-05
5.31155e-05
5.32260e-05
5.33367e-05
5.34276e-05
5.34478e-05
5.35591e-05
5.36706e-05
5.37825e-05
5.38531e-05
5.38946e-05
5.40070e-05
5.41197e-05
5.42327e-05
5.42790e-05
5.43459e-05
5.44594e-05
5.45732e-05
5.46873e-05
5.47054e-05
5.48017e-05
5.49164e-05
5.50313e-05
5.51321e-05
5.51466e-05
5.52621e-05
5.53780e-05
5.54941e-05
5.55592e-05
5.56105e-05
5.57272e-05
5.58443e-05
5.59616e-05
5.59868e-05
5.60792e-05
5.61972e-05
5.63154e-05
5.64148e-05
5.64339e-05
5.65528e-05
5.66720e-05
5.67915e-05
5.68434e-05
5.69113e-05
5.70314e-05
5.71518e-05
5.72725e-05
5.72725e-05
5.73936e-05
5.75150e-05
5.76367e-05
5.77021e-05
5.77588e-05
5.78812e-05
5.80039e-05
5.81269e-05
5.81323e-05
5.82503e-05
5.83740e-05
5.84980e-05
5.85631e-05
5.86224e-05
5.87472e-05
5.88722e-05
5.89946e-05
5.89977e-05
5.91234e-05
5.92496e-05
5.93760e-05
5.94266e-05
5.95029e-05
5.96301e-05
5.97576e-05
5.98594e-05
5.98855e-05
6.00138e-05
6.01424e-05
6.02714e-05
6.02930e-05
6.04008e-05
6.05306e-05
6.06607e-05
6.07272e-05
6.07912e-05
6.09221e-05
6.10534e-05
6.11622e-05
6.11850e-05
6.13170e-05
6.14495e-05
6.15823e-05
6.15980e-05
6.17155e-05
6.18491e-05
6.19831e-05
6.20346e-05
6.21175e-05
6.22523e-05
6.23875e-05
6.24720e-05
6.25231e-05
6.26591e-05
6.27956e-05
6.29104e-05
6.29324e-05
6.30697e-05
6.32074e-05
6.33455e-05
6.33496e-05
6.34841e-05
6.36230e-05
6.37624e-05
6.37896e-05
6.39023e-05
6.40426e-05
6.41833e-05
6.42306e-05
6.43244e-05
6.44660e-05
6.46081e-05
6.46725e-05
6.47505e-05
6.48935e-05
6.50369e-05
6.51154e-05
6.51807e-05
6.53251e-05
6.54698e-05
6.55593e-05
6.56151e-05
6.57608e-05
6.59070e-05
6.60042e-05
6.60537e-05
6.62008e-05
6.63484e-05
6.64501e-05
6.64966e-05
6.66452e-05
6.67942e-05
6.68970e-05
6.69438e-05
6.70939e-05
6.72445e-05
6.73450e-05
6.73956e-05
6.75472e-05
6.76993e-05
6.77940e-05
6.78519e-05
6.80051e-05
6.81587e-05
6.82442e-05
6.83129e-05
6.84676e-05
6.86229e-05
6.86955e-05
6.87787e-05
6.89350e-05
6.90918e-05
6.91479e-05
6.92493e-05
6.94072e-05
6.95658e-05
6.96015e-05
6.97248e-05
6.98845e-05
7.00447e-05
7.00563e-05
7.02055e-05
7.03668e-05
7.05123e-05
7.05288e-05
7.06913e-05
7.08544e-05
7.09695e-05
7.10181e-05
7.11824e-05
7.13473e-05
7.14280e-05
7.15129e-05
7.16790e-05
7.18457e-05
7.18878e-05
7.20131e-05
7.21811e-05
7.23489e-05
7.23497e-05
7.25189e-05
7.26888e-05
7.28113e-05
7.28593e-05
7.30305e-05
7.32023e-05
7.32750e-05
7.33748e-05
7.35480e-05
7.37218e-05
7.37402e-05
7.38963e-05
7.40715e-05
7.42068e-05
7.42473e-05
7.44239e-05
7.46011e-05
7.46747e-05
7.47791e-05
7.49577e-05
7.51371e-05
7.51442e-05
7.53172e-05
7.54980e-05
7.56151e-05
7.56796e-05
7.58618e-05
7.60449e-05
7.60875e-05
7.62286e-05
7.64131e-05
7.65614e-05
7.65984e-05
7.67845e-05
7.69713e-05
7.70369e-05
7.71589e-05
7.73473e-05
7.75139e-05
7.75365e-05
7.77264e-05
7.79172e-05
7.79925e-05
7.81088e-05
7.83012e-05
7.84728e-05
7.84945e-05
7.86886e-05
7.88835e-05
7.89547e-05
7.90792e-05
7.92759e-05
7.94382e-05
7.94733e-05
7.96717e-05
7.98709e-05
7.99235e-05
8.00710e-05
8.02720e-05
8.04104e-05
8.04739e-05
8.06768e-05
8.08805e-05
8.08991e-05
8.10852e-05
8.12907e-05
8.13896e-05
8.14973e-05
8.17048e-05
8.18818e-05
8.19132e-05
8.21226e-05
8.23330e-05
8.23758e-05
8.25444e-05
8.27568e-05
8.28717e-05
8.29701e-05
8.31845e-05
8.33695e-05
8.33999e-05
8.36164e-05
8.38338e-05
8.38691e-05
8.40524e-05
8.42720e-05
8.43706e-05
8.44926e-05
8.47144e-05
8.48740e-05
8.49372e-05
8.51612e-05
8.53795e-05
8.53862e-05
8.56124e-05
8.58397e-05
8.58868e-05
8.60682e-05
8.62978e-05
8.63962e-05
8.65286e-05
8.67606e-05
8.69076e-05
8.69937e-05
8.72281e-05
8.74210e-05
8.74636e-05
8.77004e-05
8.79366e-05
8.79385e-05
8.81778e-05
8.84183e-05
8.84542e-05
8.86602e-05
8.89033e-05
8.89739e-05
8.91477e-05
8.93935e-05
8.94957e-05
8.96405e-05
8.98890e-05
9.00198e-05
9.01387e-05
9.03899e-05
9.05460e-05
9.06424e-05
9.08964e-05
9.10744e-05
9.11517e-05
9.14085e-05
9.16051e-05
9.16667e-05
9.19264e-05
9.21380e-05
9.21875e-05
9.24502e-05
9.26731e-05
9.27143e-05
9.29800e-05
9.32106e-05
9.32472e-05
9.35160e-05
9.37504e-05
9.37864e-05
9.40583e-05
9.42925e-05
9.43319e-05
9.46070e-05
9.48370e-05
9.48839e-05
9.51623e-05
9.53838e-05
9.54425e-05
9.57244e-05
9.59331e-05
9.60080e-05
9.62933e-05
9.64848e-05
9.65804e-05
9.68692e-05
9.70389e-05
9.71599e-05
9.74524e-05
9.75955e-05
9.77467e-05
9.80429e-05
9.81546e-05
9.83410e-05
9.86410e-05
9.87162e-05
9.89429e-05
9.92468e-05
9.92804e-05
9.95527e-05
9.98472e-05
9.98605e-05
1.00170e-04
1.00416e-04
1.00482e-04
1.00796e-04
1.00988e-04
1.01113e-04
1.01431e-04
1.01563e-04
