SF_Version 0.9.3
03-Sep-2024 23:12:15
Temp(K) Pressure(MPa) Temp(K) Pressure(MPa)  Points 
249.4176 355.5042 256.1641 350.1095 79.0000
###########################################################
DV (m^3/kg)
-5.05952e-05
-5.05991e-05
-5.06040e-05
-5.06088e-05
-5.06136e-05
-5.06185e-05
-5.06233e-05
-5.06252e-05
-5.06281e-05
-5.06330e-05
-5.06378e-05
-5.06427e-05
-5.06475e-05
-5.06524e-05
-5.06550e-05
-5.06572e-05
-5.06620e-05
-5.06669e-05
-5.06717e-05
-5.06766e-05
-5.06814e-05
-5.06850e-05
-5.06863e-05
-5.06911e-05
-5.06960e-05
-5.07009e-05
-5.07057e-05
-5.07106e-05
-5.07151e-05
-5.07154e-05
-5.07203e-05
-5.07251e-05
-5.07300e-05
-5.07349e-05
-5.07397e-05
-5.07446e-05
-5.07454e-05
-5.07495e-05
-5.07543e-05
-5.07592e-05
-5.07641e-05
-5.07689e-05
-5.07738e-05
-5.07758e-05
-5.07787e-05
-5.07836e-05
-5.07884e-05
-5.07933e-05
-5.07982e-05
-5.08031e-05
-5.08064e-05
-5.08079e-05
-5.08128e-05
-5.08177e-05
-5.08226e-05
-5.08275e-05
-5.08323e-05
-5.08372e-05
-5.08372e-05
-5.08421e-05
-5.08470e-05
-5.08519e-05
-5.08568e-05
-5.08616e-05
-5.08665e-05
-5.08681e-05
-5.08714e-05
-5.08763e-05
-5.08812e-05
-5.08861e-05
-5.08910e-05
-5.08959e-05
-5.08991e-05
-5.09008e-05
-5.09057e-05
-5.09106e-05
-5.09154e-05
-5.09203e-05
-5.09235e-05
