SF_Version 0.9.3
19-Aug-2024 12:30:30
Temp(K) Pressure(MPa) Temp(K) Pressure(MPa)  Points 
165.5986 633.0000 246.1000 667.7095 1263.0000
###########################################################
DV (m^3/kg)
-4.04661e-05
-4.04660e-05
-4.04627e-05
-4.04594e-05
-4.04561e-05
-4.04547e-05
-4.04527e-05
-4.04494e-05
-4.04461e-05
-4.04433e-05
-4.04428e-05
-4.04395e-05
-4.04362e-05
-4.04328e-05
-4.04319e-05
-4.04295e-05
-4.04262e-05
-4.04229e-05
-4.04203e-05
-4.04195e-05
-4.04162e-05
-4.04129e-05
-4.04096e-05
-4.04087e-05
-4.04062e-05
-4.04029e-05
-4.03996e-05
-4.03971e-05
-4.03963e-05
-4.03929e-05
-4.03896e-05
-4.03863e-05
-4.03853e-05
-4.03829e-05
-4.03796e-05
-4.03763e-05
-4.03735e-05
-4.03729e-05
-4.03696e-05
-4.03663e-05
-4.03629e-05
-4.03616e-05
-4.03596e-05
-4.03563e-05
-4.03529e-05
-4.03497e-05
-4.03496e-05
-4.03463e-05
-4.03429e-05
-4.03396e-05
-4.03377e-05
-4.03362e-05
-4.03329e-05
-4.03296e-05
-4.03262e-05
-4.03256e-05
-4.03229e-05
-4.03195e-05
-4.03162e-05
-4.03134e-05
-4.03128e-05
-4.03095e-05
-4.03061e-05
-4.03028e-05
-4.03011e-05
-4.02994e-05
-4.02961e-05
-4.02928e-05
-4.02894e-05
-4.02888e-05
-4.02861e-05
-4.02827e-05
-4.02794e-05
-4.02763e-05
-4.02760e-05
-4.02726e-05
-4.02693e-05
-4.02659e-05
-4.02638e-05
-4.02626e-05
-4.02592e-05
-4.02559e-05
-4.02525e-05
-4.02512e-05
-4.02492e-05
-4.02458e-05
-4.02424e-05
-4.02391e-05
-4.02385e-05
-4.02357e-05
-4.02324e-05
-4.02290e-05
-4.02257e-05
-4.02256e-05
-4.02223e-05
-4.02189e-05
-4.02156e-05
-4.02129e-05
-4.02122e-05
-4.02088e-05
-4.02055e-05
-4.02021e-05
-4.01999e-05
-4.01987e-05
-4.01954e-05
-4.01920e-05
-4.01886e-05
-4.01868e-05
-4.01853e-05
-4.01819e-05
-4.01785e-05
-4.01752e-05
-4.01737e-05
-4.01718e-05
-4.01684e-05
-4.01650e-05
-4.01617e-05
-4.01604e-05
-4.01583e-05
-4.01549e-05
-4.01515e-05
-4.01482e-05
-4.01470e-05
-4.01448e-05
-4.01414e-05
-4.01380e-05
-4.01347e-05
-4.01335e-05
-4.01313e-05
-4.01279e-05
-4.01245e-05
-4.01212e-05
-4.01199e-05
-4.01178e-05
-4.01144e-05
-4.01110e-05
-4.01076e-05
-4.01062e-05
-4.01042e-05
-4.01009e-05
-4.00975e-05
-4.00941e-05
-4.00924e-05
-4.00907e-05
-4.00873e-05
-4.00839e-05
-4.00806e-05
-4.00785e-05
-4.00772e-05
-4.00738e-05
-4.00704e-05
-4.00670e-05
-4.00644e-05
-4.00636e-05
-4.00602e-05
-4.00568e-05
-4.00534e-05
-4.00502e-05
-4.00500e-05
-4.00467e-05
-4.00433e-05
-4.00399e-05
-4.00365e-05
-4.00359e-05
-4.00331e-05
-4.00297e-05
-4.00263e-05
-4.00229e-05
-4.00215e-05
-4.00195e-05
-4.00161e-05
-4.00127e-05
-4.00093e-05
-4.00069e-05
-4.00059e-05
-4.00025e-05
-3.99991e-05
-3.99957e-05
-3.99923e-05
-3.99922e-05
-3.99889e-05
-3.99855e-05
-3.99821e-05
-3.99787e-05
-3.99773e-05
-3.99753e-05
-3.99719e-05
-3.99685e-05
-3.99651e-05
-3.99623e-05
-3.99617e-05
-3.99583e-05
-3.99548e-05
-3.99514e-05
-3.99480e-05
-3.99471e-05
-3.99446e-05
-3.99412e-05
-3.99378e-05
-3.99344e-05
-3.99318e-05
-3.99310e-05
-3.99276e-05
-3.99242e-05
-3.99207e-05
-3.99173e-05
-3.99163e-05
-3.99139e-05
-3.99105e-05
-3.99071e-05
-3.99037e-05
-3.99007e-05
-3.99003e-05
-3.98968e-05
-3.98934e-05
-3.98900e-05
-3.98866e-05
-3.98848e-05
-3.98832e-05
-3.98798e-05
-3.98763e-05
-3.98729e-05
-3.98695e-05
-3.98688e-05
-3.98661e-05
-3.98627e-05
-3.98592e-05
-3.98558e-05
-3.98526e-05
-3.98524e-05
-3.98490e-05
-3.98455e-05
-3.98421e-05
-3.98387e-05
-3.98363e-05
-3.98353e-05
-3.98318e-05
-3.98284e-05
-3.98250e-05
-3.98216e-05
-3.98197e-05
-3.98181e-05
-3.98147e-05
-3.98113e-05
-3.98078e-05
-3.98044e-05
-3.98029e-05
-3.98010e-05
-3.97975e-05
-3.97941e-05
-3.97907e-05
-3.97872e-05
-3.97858e-05
-3.97838e-05
-3.97804e-05
-3.97769e-05
-3.97735e-05
-3.97701e-05
-3.97686e-05
-3.97666e-05
-3.97632e-05
-3.97598e-05
-3.97563e-05
-3.97529e-05
-3.97511e-05
-3.97494e-05
-3.97460e-05
-3.97426e-05
-3.97391e-05
-3.97357e-05
-3.97334e-05
-3.97322e-05
-3.97288e-05
-3.97254e-05
-3.97219e-05
-3.97185e-05
-3.97154e-05
-3.97150e-05
-3.97116e-05
-3.97081e-05
-3.97047e-05
-3.97013e-05
-3.96978e-05
-3.96972e-05
-3.96944e-05
-3.96909e-05
-3.96875e-05
-3.96840e-05
-3.96806e-05
-3.96787e-05
-3.96771e-05
-3.96737e-05
-3.96702e-05
-3.96668e-05
-3.96633e-05
-3.96599e-05
-3.96598e-05
-3.96564e-05
-3.96530e-05
-3.96495e-05
-3.96461e-05
-3.96426e-05
-3.96407e-05
-3.96391e-05
-3.96357e-05
-3.96322e-05
-3.96288e-05
-3.96253e-05
-3.96219e-05
-3.96213e-05
-3.96184e-05
-3.96150e-05
-3.96115e-05
-3.96080e-05
-3.96046e-05
-3.96015e-05
-3.96011e-05
-3.95977e-05
-3.95942e-05
-3.95907e-05
-3.95873e-05
-3.95838e-05
-3.95813e-05
-3.95803e-05
-3.95769e-05
-3.95734e-05
-3.95700e-05
-3.95665e-05
-3.95630e-05
-3.95608e-05
-3.95596e-05
-3.95561e-05
-3.95526e-05
-3.95492e-05
-3.95457e-05
-3.95422e-05
-3.95398e-05
-3.95388e-05
-3.95353e-05
-3.95318e-05
-3.95283e-05
-3.95249e-05
-3.95214e-05
-3.95185e-05
-3.95179e-05
-3.95145e-05
-3.95110e-05
-3.95075e-05
-3.95040e-05
-3.95006e-05
-3.94971e-05
-3.94966e-05
-3.94936e-05
-3.94901e-05
-3.94867e-05
-3.94832e-05
-3.94797e-05
-3.94762e-05
-3.94743e-05
-3.94727e-05
-3.94693e-05
-3.94658e-05
-3.94623e-05
-3.94588e-05
-3.94554e-05
-3.94519e-05
-3.94515e-05
-3.94484e-05
-3.94449e-05
-3.94414e-05
-3.94379e-05
-3.94345e-05
-3.94310e-05
-3.94281e-05
-3.94275e-05
-3.94240e-05
-3.94205e-05
-3.94170e-05
-3.94135e-05
-3.94101e-05
-3.94066e-05
-3.94041e-05
-3.94031e-05
-3.93996e-05
-3.93961e-05
-3.93926e-05
-3.93891e-05
-3.93856e-05
-3.93821e-05
-3.93794e-05
-3.93787e-05
-3.93752e-05
-3.93717e-05
-3.93682e-05
-3.93647e-05
-3.93612e-05
-3.93577e-05
-3.93542e-05
-3.93540e-05
-3.93507e-05
-3.93472e-05
-3.93437e-05
-3.93402e-05
-3.93367e-05
-3.93332e-05
-3.93297e-05
-3.93279e-05
-3.93262e-05
-3.93227e-05
-3.93192e-05
-3.93157e-05
-3.93122e-05
-3.93087e-05
-3.93052e-05
-3.93017e-05
-3.93009e-05
-3.92982e-05
-3.92947e-05
-3.92912e-05
-3.92877e-05
-3.92842e-05
-3.92807e-05
-3.92772e-05
-3.92737e-05
-3.92729e-05
-3.92702e-05
-3.92667e-05
-3.92632e-05
-3.92597e-05
-3.92562e-05
-3.92526e-05
-3.92491e-05
-3.92456e-05
-3.92438e-05
-3.92421e-05
-3.92386e-05
-3.92351e-05
-3.92316e-05
-3.92281e-05
-3.92246e-05
-3.92210e-05
-3.92175e-05
-3.92140e-05
-3.92136e-05
-3.92105e-05
-3.92070e-05
-3.92035e-05
-3.92000e-05
-3.91964e-05
-3.91929e-05
-3.91894e-05
-3.91859e-05
-3.91824e-05
-3.91820e-05
-3.91788e-05
-3.91753e-05
-3.91718e-05
-3.91683e-05
-3.91648e-05
-3.91612e-05
-3.91577e-05
-3.91542e-05
-3.91507e-05
-3.91489e-05
-3.91471e-05
-3.91436e-05
-3.91401e-05
-3.91366e-05
-3.91330e-05
-3.91295e-05
-3.91260e-05
-3.91225e-05
-3.91189e-05
-3.91154e-05
-3.91140e-05
-3.91119e-05
-3.91084e-05
-3.91048e-05
-3.91013e-05
-3.90978e-05
-3.90942e-05
-3.90907e-05
-3.90872e-05
-3.90836e-05
-3.90801e-05
-3.90769e-05
-3.90766e-05
-3.90730e-05
-3.90695e-05
-3.90660e-05
-3.90624e-05
-3.90589e-05
-3.90553e-05
-3.90518e-05
-3.90483e-05
-3.90447e-05
-3.90412e-05
-3.90377e-05
-3.90372e-05
-3.90341e-05
-3.90306e-05
-3.90270e-05
-3.90235e-05
-3.90199e-05
-3.90164e-05
-3.90129e-05
-3.90093e-05
-3.90058e-05
-3.90022e-05
-3.89987e-05
-3.89951e-05
-3.89943e-05
-3.89916e-05
-3.89880e-05
-3.89845e-05
-3.89809e-05
-3.89774e-05
-3.89738e-05
-3.89703e-05
-3.89667e-05
-3.89632e-05
-3.89596e-05
-3.89561e-05
-3.89525e-05
-3.89490e-05
-3.89472e-05
-3.89454e-05
-3.89419e-05
-3.89383e-05
-3.89348e-05
-3.89312e-05
-3.89277e-05
-3.89241e-05
-3.89205e-05
-3.89170e-05
-3.89134e-05
-3.89099e-05
-3.89063e-05
-3.89028e-05
-3.88992e-05
-3.88956e-05
-3.88943e-05
-3.88921e-05
-3.88885e-05
-3.88849e-05
-3.88814e-05
-3.88778e-05
-3.88742e-05
-3.88707e-05
-3.88671e-05
-3.88636e-05
-3.88600e-05
-3.88564e-05
-3.88529e-05
-3.88493e-05
-3.88457e-05
-3.88421e-05
-3.88386e-05
-3.88350e-05
-3.88330e-05
-3.88314e-05
-3.88279e-05
-3.88243e-05
-3.88207e-05
-3.88171e-05
-3.88136e-05
-3.88100e-05
-3.88064e-05
-3.88028e-05
-3.87993e-05
-3.87957e-05
-3.87921e-05
-3.87885e-05
-3.87850e-05
-3.87814e-05
-3.87778e-05
-3.87742e-05
-3.87706e-05
-3.87671e-05
-3.87635e-05
-3.87599e-05
-3.87568e-05
-3.87563e-05
-3.87527e-05
-3.87491e-05
-3.87456e-05
-3.87420e-05
-3.87384e-05
-3.87348e-05
-3.87312e-05
-3.87276e-05
-3.87240e-05
-3.87204e-05
-3.87168e-05
-3.87133e-05
-3.87097e-05
-3.87061e-05
-3.87025e-05
-3.86989e-05
-3.86953e-05
-3.86917e-05
-3.86881e-05
-3.86845e-05
-3.86809e-05
-3.86773e-05
-3.86737e-05
-3.86701e-05
-3.86665e-05
-3.86629e-05
-3.86593e-05
-3.86557e-05
-3.86521e-05
-3.86485e-05
-3.86449e-05
-3.86427e-05
-3.86413e-05
-3.86377e-05
-3.86341e-05
-3.86305e-05
-3.86269e-05
-3.86233e-05
-3.86197e-05
-3.86161e-05
-3.86125e-05
-3.86089e-05
-3.86053e-05
-3.86017e-05
-3.85980e-05
-3.85944e-05
-3.85908e-05
-3.85872e-05
-3.85836e-05
-3.85800e-05
-3.85764e-05
-3.85728e-05
-3.85691e-05
-3.85655e-05
-3.85619e-05
-3.85583e-05
-3.85547e-05
-3.85511e-05
-3.85474e-05
-3.85438e-05
-3.85402e-05
-3.85366e-05
-3.85330e-05
-3.85293e-05
-3.85257e-05
-3.85221e-05
-3.85185e-05
-3.85148e-05
-3.85112e-05
-3.85076e-05
-3.85040e-05
-3.85003e-05
-3.84967e-05
-3.84931e-05
-3.84895e-05
-3.84858e-05
-3.84822e-05
-3.84786e-05
-3.84749e-05
-3.84713e-05
-3.84677e-05
-3.84640e-05
-3.84604e-05
-3.84568e-05
-3.84531e-05
-3.84495e-05
-3.84459e-05
-3.84422e-05
-3.84386e-05
-3.84349e-05
-3.84313e-05
-3.84277e-05
-3.84240e-05
-3.84204e-05
-3.84167e-05
-3.84131e-05
-3.84095e-05
-3.84058e-05
-3.84022e-05
-3.83985e-05
-3.83949e-05
-3.83912e-05
-3.83876e-05
-3.83839e-05
-3.83803e-05
-3.83766e-05
-3.83740e-05
-3.83730e-05
-3.83693e-05
-3.83657e-05
-3.83620e-05
-3.83584e-05
-3.83547e-05
-3.83511e-05
-3.83474e-05
-3.83437e-05
-3.83401e-05
-3.83364e-05
-3.83328e-05
-3.83291e-05
-3.83255e-05
-3.83218e-05
-3.83181e-05
-3.83145e-05
-3.83108e-05
-3.83071e-05
-3.83035e-05
-3.82998e-05
-3.82962e-05
-3.82925e-05
-3.82888e-05
-3.82852e-05
-3.82815e-05
-3.82778e-05
-3.82741e-05
-3.82705e-05
-3.82668e-05
-3.82631e-05
-3.82595e-05
-3.82593e-05
-3.82558e-05
-3.82521e-05
-3.82484e-05
-3.82448e-05
-3.82411e-05
-3.82374e-05
-3.82337e-05
-3.82301e-05
-3.82264e-05
-3.82227e-05
-3.82190e-05
-3.82153e-05
-3.82116e-05
-3.82080e-05
-3.82043e-05
-3.82006e-05
-3.81969e-05
-3.81932e-05
-3.81895e-05
-3.81858e-05
-3.81825e-05
-3.81822e-05
-3.81785e-05
-3.81748e-05
-3.81711e-05
-3.81674e-05
-3.81637e-05
-3.81600e-05
-3.81563e-05
-3.81526e-05
-3.81489e-05
-3.81452e-05
-3.81415e-05
-3.81378e-05
-3.81341e-05
-3.81304e-05
-3.81267e-05
-3.81230e-05
-3.81205e-05
-3.81193e-05
-3.81156e-05
-3.81119e-05
-3.81082e-05
-3.81045e-05
-3.81008e-05
-3.80971e-05
-3.80934e-05
-3.80897e-05
-3.80860e-05
-3.80823e-05
-3.80786e-05
-3.80749e-05
-3.80711e-05
-3.80674e-05
-3.80670e-05
-3.80637e-05
-3.80600e-05
-3.80563e-05
-3.80526e-05
-3.80488e-05
-3.80451e-05
-3.80414e-05
-3.80377e-05
-3.80340e-05
-3.80303e-05
-3.80265e-05
-3.80228e-05
-3.80193e-05
-3.80191e-05
-3.80154e-05
-3.80116e-05
-3.80079e-05
-3.80042e-05
-3.80004e-05
-3.79967e-05
-3.79930e-05
-3.79893e-05
-3.79855e-05
-3.79818e-05
-3.79781e-05
-3.79757e-05
-3.79743e-05
-3.79706e-05
-3.79669e-05
-3.79631e-05
-3.79594e-05
-3.79556e-05
-3.79519e-05
-3.79482e-05
-3.79444e-05
-3.79407e-05
-3.79369e-05
-3.79354e-05
-3.79332e-05
-3.79294e-05
-3.79257e-05
-3.79220e-05
-3.79182e-05
-3.79145e-05
-3.79107e-05
-3.79070e-05
-3.79032e-05
-3.78995e-05
-3.78977e-05
-3.78957e-05
-3.78920e-05
-3.78882e-05
-3.78844e-05
-3.78807e-05
-3.78769e-05
-3.78732e-05
-3.78694e-05
-3.78656e-05
-3.78621e-05
-3.78619e-05
-3.78581e-05
-3.78544e-05
-3.78506e-05
-3.78468e-05
-3.78431e-05
-3.78393e-05
-3.78355e-05
-3.78318e-05
-3.78283e-05
-3.78280e-05
-3.78242e-05
-3.78205e-05
-3.78167e-05
-3.78129e-05
-3.78091e-05
-3.78054e-05
-3.78016e-05
-3.77978e-05
-3.77961e-05
-3.77940e-05
-3.77902e-05
-3.77865e-05
-3.77827e-05
-3.77789e-05
-3.77751e-05
-3.77713e-05
-3.77675e-05
-3.77652e-05
-3.77638e-05
-3.77600e-05
-3.77562e-05
-3.77524e-05
-3.77486e-05
-3.77448e-05
-3.77410e-05
-3.77372e-05
-3.77355e-05
-3.77334e-05
-3.77296e-05
-3.77258e-05
-3.77220e-05
-3.77182e-05
-3.77144e-05
-3.77106e-05
-3.77069e-05
-3.77068e-05
-3.77030e-05
-3.76992e-05
-3.76954e-05
-3.76916e-05
-3.76878e-05
-3.76840e-05
-3.76802e-05
-3.76792e-05
-3.76764e-05
-3.76726e-05
-3.76688e-05
-3.76650e-05
-3.76611e-05
-3.76573e-05
-3.76535e-05
-3.76523e-05
-3.76497e-05
-3.76459e-05
-3.76421e-05
-3.76382e-05
-3.76344e-05
-3.76306e-05
-3.76268e-05
-3.76263e-05
-3.76229e-05
-3.76191e-05
-3.76153e-05
-3.76115e-05
-3.76076e-05
-3.76038e-05
-3.76009e-05
-3.76000e-05
-3.75961e-05
-3.75923e-05
-3.75885e-05
-3.75846e-05
-3.75808e-05
-3.75770e-05
-3.75762e-05
-3.75731e-05
-3.75693e-05
-3.75654e-05
-3.75616e-05
-3.75577e-05
-3.75539e-05
-3.75521e-05
-3.75501e-05
-3.75462e-05
-3.75424e-05
-3.75385e-05
-3.75347e-05
-3.75308e-05
-3.75286e-05
-3.75270e-05
-3.75231e-05
-3.75192e-05
-3.75154e-05
-3.75115e-05
-3.75077e-05
-3.75056e-05
-3.75038e-05
-3.74999e-05
-3.74961e-05
-3.74922e-05
-3.74884e-05
-3.74845e-05
-3.74830e-05
-3.74806e-05
-3.74768e-05
-3.74729e-05
-3.74690e-05
-3.74651e-05
-3.74613e-05
-3.74609e-05
-3.74574e-05
-3.74535e-05
-3.74496e-05
-3.74458e-05
-3.74419e-05
-3.74393e-05
-3.74380e-05
-3.74341e-05
-3.74302e-05
-3.74263e-05
-3.74225e-05
-3.74186e-05
-3.74180e-05
-3.74147e-05
-3.74108e-05
-3.74069e-05
-3.74030e-05
-3.73991e-05
-3.73971e-05
-3.73952e-05
-3.73913e-05
-3.73874e-05
-3.73835e-05
-3.73796e-05
-3.73766e-05
-3.73757e-05
-3.73718e-05
-3.73679e-05
-3.73640e-05
-3.73601e-05
-3.73564e-05
-3.73562e-05
-3.73523e-05
-3.73484e-05
-3.73445e-05
-3.73406e-05
-3.73366e-05
-3.73365e-05
-3.73327e-05
-3.73288e-05
-3.73249e-05
-3.73210e-05
-3.73171e-05
-3.73170e-05
-3.73131e-05
-3.73092e-05
-3.73053e-05
-3.73014e-05
-3.72977e-05
-3.72974e-05
-3.72935e-05
-3.72896e-05
-3.72856e-05
-3.72817e-05
-3.72787e-05
-3.72778e-05
-3.72738e-05
-3.72699e-05
-3.72660e-05
-3.72620e-05
-3.72599e-05
-3.72581e-05
-3.72541e-05
-3.72502e-05
-3.72462e-05
-3.72423e-05
-3.72414e-05
-3.72383e-05
-3.72344e-05
-3.72304e-05
-3.72265e-05
-3.72232e-05
-3.72225e-05
-3.72186e-05
-3.72146e-05
-3.72107e-05
-3.72067e-05
-3.72051e-05
-3.72027e-05
-3.71988e-05
-3.71948e-05
-3.71908e-05
-3.71873e-05
-3.71869e-05
-3.71829e-05
-3.71789e-05
-3.71750e-05
-3.71710e-05
-3.71697e-05
-3.71670e-05
-3.71630e-05
-3.71591e-05
-3.71551e-05
-3.71523e-05
-3.71511e-05
-3.71471e-05
-3.71431e-05
-3.71392e-05
-3.71352e-05
-3.71351e-05
-3.71312e-05
-3.71272e-05
-3.71232e-05
-3.71192e-05
-3.71181e-05
-3.71152e-05
-3.71112e-05
-3.71072e-05
-3.71032e-05
-3.71013e-05
-3.70992e-05
-3.70952e-05
-3.70912e-05
-3.70872e-05
-3.70846e-05
-3.70832e-05
-3.70792e-05
-3.70752e-05
-3.70712e-05
-3.70682e-05
-3.70672e-05
-3.70631e-05
-3.70591e-05
-3.70551e-05
-3.70518e-05
-3.70511e-05
-3.70471e-05
-3.70431e-05
-3.70390e-05
-3.70357e-05
-3.70350e-05
-3.70310e-05
-3.70269e-05
-3.70229e-05
-3.70197e-05
-3.70189e-05
-3.70149e-05
-3.70108e-05
-3.70068e-05
-3.70038e-05
-3.70027e-05
-3.69987e-05
-3.69947e-05
-3.69906e-05
-3.69881e-05
-3.69866e-05
-3.69825e-05
-3.69785e-05
-3.69744e-05
-3.69725e-05
-3.69704e-05
-3.69663e-05
-3.69623e-05
-3.69582e-05
-3.69570e-05
-3.69541e-05
-3.69501e-05
-3.69460e-05
-3.69420e-05
-3.69417e-05
-3.69379e-05
-3.69338e-05
-3.69298e-05
-3.69265e-05
-3.69257e-05
-3.69216e-05
-3.69175e-05
-3.69135e-05
-3.69114e-05
-3.69094e-05
-3.69053e-05
-3.69012e-05
-3.68972e-05
-3.68965e-05
-3.68931e-05
-3.68890e-05
-3.68849e-05
-3.68816e-05
-3.68808e-05
-3.68767e-05
-3.68726e-05
-3.68685e-05
-3.68669e-05
-3.68644e-05
-3.68603e-05
-3.68562e-05
-3.68523e-05
-3.68521e-05
-3.68480e-05
-3.68439e-05
-3.68398e-05
-3.68378e-05
-3.68357e-05
-3.68316e-05
-3.68275e-05
-3.68234e-05
-3.68234e-05
-3.68192e-05
-3.68151e-05
-3.68110e-05
-3.68091e-05
-3.68069e-05
-3.68028e-05
-3.67986e-05
-3.67949e-05
-3.67945e-05
-3.67904e-05
-3.67862e-05
-3.67821e-05
-3.67808e-05
-3.67780e-05
-3.67738e-05
-3.67697e-05
-3.67668e-05
-3.67656e-05
-3.67614e-05
-3.67573e-05
-3.67531e-05
-3.67528e-05
-3.67490e-05
-3.67448e-05
-3.67407e-05
-3.67390e-05
-3.67365e-05
-3.67324e-05
-3.67282e-05
-3.67253e-05
-3.67240e-05
-3.67199e-05
-3.67157e-05
-3.67116e-05
-3.67116e-05
-3.67074e-05
-3.67032e-05
-3.66990e-05
-3.66980e-05
-3.66949e-05
-3.66907e-05
-3.66865e-05
-3.66845e-05
-3.66823e-05
-3.66782e-05
-3.66740e-05
-3.66711e-05
-3.66698e-05
-3.66656e-05
-3.66614e-05
-3.66578e-05
-3.66572e-05
-3.66530e-05
-3.66488e-05
-3.66446e-05
-3.66445e-05
-3.66404e-05
-3.66362e-05
-3.66320e-05
-3.66313e-05
-3.66278e-05
-3.66236e-05
-3.66194e-05
-3.66182e-05
-3.66152e-05
-3.66110e-05
-3.66068e-05
-3.66052e-05
-3.66025e-05
-3.65983e-05
-3.65941e-05
-3.65922e-05
-3.65899e-05
-3.65856e-05
-3.65814e-05
-3.65793e-05
-3.65772e-05
-3.65730e-05
-3.65687e-05
-3.65664e-05
-3.65645e-05
-3.65602e-05
-3.65560e-05
-3.65537e-05
-3.65518e-05
-3.65475e-05
-3.65433e-05
-3.65409e-05
-3.65390e-05
-3.65348e-05
-3.65305e-05
-3.65283e-05
-3.65262e-05
-3.65220e-05
-3.65177e-05
-3.65157e-05
-3.65135e-05
-3.65092e-05
-3.65049e-05
-3.65032e-05
-3.65007e-05
-3.64964e-05
-3.64921e-05
-3.64907e-05
-3.64878e-05
-3.64835e-05
-3.64793e-05
-3.64783e-05
