SF_Version 0.9.3
03-Sep-2024 23:12:15
Temp(K) Pressure(MPa) Temp(K) Pressure(MPa)  Points 
273.4063 634.3997 256.1641 350.1095 743.0000
###########################################################
DV (m^3/kg)
5.03579e-05
5.03673e-05
5.03862e-05
5.04217e-05
5.04571e-05
5.04926e-05
5.05152e-05
5.05281e-05
5.05636e-05
5.05992e-05
5.06348e-05
5.06633e-05
5.06704e-05
5.07061e-05
5.07418e-05
5.07775e-05
5.08114e-05
5.08132e-05
5.08490e-05
5.08848e-05
5.09206e-05
5.09565e-05
5.09595e-05
5.09924e-05
5.10283e-05
5.10643e-05
5.11003e-05
5.11077e-05
5.11363e-05
5.11723e-05
5.12084e-05
5.12445e-05
5.12560e-05
5.12807e-05
5.13168e-05
5.13531e-05
5.13893e-05
5.14043e-05
5.14255e-05
5.14618e-05
5.14982e-05
5.15345e-05
5.15528e-05
5.15709e-05
5.16073e-05
5.16438e-05
5.16803e-05
5.17012e-05
5.17168e-05
5.17533e-05
5.17899e-05
5.18265e-05
5.18498e-05
5.18632e-05
5.18998e-05
5.19365e-05
5.19733e-05
5.19984e-05
5.20100e-05
5.20468e-05
5.20837e-05
5.21205e-05
5.21471e-05
5.21574e-05
5.21944e-05
5.22313e-05
5.22683e-05
5.22959e-05
5.23054e-05
5.23424e-05
5.23795e-05
5.24166e-05
5.24447e-05
5.24538e-05
5.24910e-05
5.25282e-05
5.25655e-05
5.25937e-05
5.26028e-05
5.26401e-05
5.26775e-05
5.27149e-05
5.27427e-05
5.27523e-05
5.27898e-05
5.28272e-05
5.28648e-05
5.28918e-05
5.29023e-05
5.29399e-05
5.29776e-05
5.30152e-05
5.30410e-05
5.30529e-05
5.30907e-05
5.31284e-05
5.31663e-05
5.31903e-05
5.32041e-05
5.32420e-05
5.32799e-05
5.33178e-05
5.33397e-05
5.33558e-05
5.33938e-05
5.34319e-05
5.34699e-05
5.34892e-05
5.35081e-05
5.35462e-05
5.35844e-05
5.36226e-05
5.36388e-05
5.36609e-05
5.36992e-05
5.37375e-05
5.37759e-05
5.37885e-05
5.38143e-05
5.38527e-05
5.38912e-05
5.39297e-05
5.39383e-05
5.39682e-05
5.40068e-05
5.40454e-05
5.40841e-05
5.40881e-05
5.41228e-05
5.41615e-05
5.42002e-05
5.42381e-05
5.42390e-05
5.42779e-05
5.43167e-05
5.43556e-05
5.43881e-05
5.43946e-05
5.44335e-05
5.44726e-05
5.45116e-05
5.45383e-05
5.45507e-05
5.45898e-05
5.46290e-05
5.46682e-05
5.46886e-05
5.47074e-05
5.47467e-05
5.47860e-05
5.48253e-05
5.48389e-05
5.48647e-05
5.49041e-05
5.49436e-05
5.49830e-05
5.49893e-05
5.50226e-05
5.50621e-05
5.51017e-05
5.51399e-05
5.51414e-05
5.51810e-05
5.52208e-05
5.52605e-05
5.52905e-05
5.53003e-05
5.53401e-05
5.53800e-05
5.54199e-05
5.54412e-05
5.54598e-05
5.54998e-05
5.55398e-05
5.55799e-05
5.55921e-05
5.56199e-05
5.56601e-05
5.57002e-05
5.57404e-05
5.57430e-05
5.57807e-05
5.58210e-05
5.58613e-05
5.58940e-05
5.59016e-05
5.59420e-05
5.59825e-05
5.60229e-05
5.60451e-05
5.60634e-05
5.61040e-05
5.61446e-05
5.61852e-05
5.61963e-05
5.62259e-05
5.62666e-05
5.63073e-05
5.63476e-05
5.63481e-05
5.63889e-05
5.64298e-05
5.64707e-05
5.64990e-05
5.65116e-05
5.65526e-05
5.65936e-05
5.66346e-05
5.66505e-05
5.66757e-05
5.67169e-05
5.67580e-05
5.67993e-05
5.68021e-05
5.68405e-05
5.68818e-05
5.69231e-05
5.69538e-05
5.69645e-05
5.70059e-05
5.70474e-05
5.70889e-05
5.71056e-05
5.71304e-05
5.71720e-05
5.72136e-05
5.72552e-05
5.72575e-05
5.72969e-05
5.73387e-05
5.73804e-05
5.74095e-05
5.74223e-05
5.74641e-05
5.75060e-05
5.75480e-05
5.75616e-05
5.75899e-05
5.76320e-05
5.76740e-05
5.77139e-05
5.77161e-05
5.77583e-05
5.78005e-05
5.78427e-05
5.78662e-05
5.78850e-05
5.79273e-05
5.79696e-05
5.80120e-05
5.80186e-05
5.80544e-05
5.80969e-05
5.81394e-05
5.81711e-05
5.81820e-05
5.82246e-05
5.82673e-05
5.83099e-05
5.83237e-05
5.83527e-05
5.83954e-05
5.84383e-05
5.84764e-05
5.84811e-05
5.85240e-05
5.85670e-05
5.86099e-05
5.86292e-05
5.86530e-05
5.86960e-05
5.87392e-05
5.87822e-05
5.87823e-05
5.88255e-05
5.88688e-05
5.89120e-05
5.89352e-05
5.89554e-05
5.89987e-05
5.90422e-05
5.90856e-05
5.90883e-05
5.91291e-05
5.91727e-05
5.92163e-05
5.92416e-05
5.92599e-05
5.93036e-05
5.93473e-05
5.93911e-05
5.93950e-05
5.94349e-05
5.94787e-05
5.95227e-05
5.95484e-05
5.95666e-05
5.96106e-05
5.96546e-05
5.96987e-05
5.97020e-05
5.97428e-05
5.97870e-05
5.98312e-05
5.98557e-05
5.98755e-05
5.99198e-05
5.99641e-05
6.00085e-05
6.00095e-05
6.00530e-05
6.00975e-05
6.01420e-05
6.01634e-05
6.01866e-05
6.02312e-05
6.02759e-05
6.03174e-05
6.03206e-05
6.03653e-05
6.04101e-05
6.04550e-05
6.04715e-05
6.04999e-05
6.05449e-05
6.05898e-05
6.06258e-05
6.06349e-05
6.06800e-05
6.07251e-05
6.07703e-05
6.07801e-05
6.08155e-05
6.08608e-05
6.09061e-05
6.09346e-05
6.09515e-05
6.09969e-05
6.10424e-05
6.10879e-05
6.10892e-05
6.11335e-05
6.11791e-05
6.12247e-05
6.12439e-05
6.12704e-05
6.13162e-05
6.13620e-05
6.13988e-05
6.14078e-05
6.14537e-05
6.14997e-05
6.15457e-05
6.15537e-05
6.15917e-05
6.16378e-05
6.16840e-05
6.17088e-05
6.17302e-05
6.17764e-05
6.18227e-05
6.18640e-05
6.18690e-05
6.19154e-05
6.19619e-05
6.20084e-05
6.20193e-05
6.20549e-05
6.21015e-05
6.21481e-05
6.21748e-05
6.21948e-05
6.22416e-05
6.22883e-05
6.23303e-05
6.23352e-05
6.23821e-05
6.24290e-05
6.24760e-05
6.24860e-05
6.25231e-05
6.25702e-05
6.26173e-05
6.26419e-05
6.26645e-05
6.27118e-05
6.27591e-05
6.27978e-05
6.28064e-05
6.28538e-05
6.29013e-05
6.29488e-05
6.29539e-05
6.29963e-05
6.30440e-05
6.30916e-05
6.31101e-05
6.31393e-05
6.31871e-05
6.32349e-05
6.32665e-05
6.32828e-05
6.33307e-05
6.33787e-05
6.34229e-05
6.34267e-05
6.34748e-05
6.35230e-05
6.35712e-05
6.35795e-05
6.36194e-05
6.36677e-05
6.37161e-05
6.37363e-05
6.37645e-05
6.38129e-05
6.38614e-05
6.38931e-05
6.39100e-05
6.39586e-05
6.40073e-05
6.40501e-05
6.40560e-05
6.41048e-05
6.41537e-05
6.42026e-05
6.42072e-05
6.42515e-05
6.43005e-05
6.43496e-05
6.43645e-05
6.43987e-05
6.44479e-05
6.44971e-05
6.45219e-05
6.45464e-05
6.45957e-05
6.46451e-05
6.46794e-05
6.46945e-05
6.47440e-05
6.47936e-05
6.48371e-05
6.48432e-05
6.48929e-05
6.49426e-05
6.49924e-05
6.49949e-05
6.50422e-05
6.50921e-05
6.51421e-05
6.51528e-05
6.51921e-05
6.52421e-05
6.52923e-05
6.53109e-05
6.53424e-05
6.53927e-05
6.54430e-05
6.54691e-05
6.54933e-05
6.55437e-05
6.55942e-05
6.56274e-05
6.56447e-05
6.56953e-05
6.57460e-05
6.57859e-05
6.57967e-05
6.58474e-05
6.58982e-05
6.59445e-05
6.59491e-05
6.60000e-05
6.60510e-05
6.61021e-05
6.61032e-05
6.61532e-05
6.62044e-05
6.62556e-05
6.62621e-05
6.63069e-05
6.63582e-05
6.64096e-05
6.64211e-05
6.64611e-05
6.65126e-05
6.65642e-05
6.65803e-05
6.66159e-05
6.66676e-05
6.67193e-05
6.67396e-05
6.67712e-05
6.68231e-05
6.68750e-05
6.68991e-05
6.69270e-05
6.69791e-05
6.70313e-05
6.70587e-05
6.70835e-05
6.71357e-05
6.71880e-05
6.72184e-05
6.72404e-05
6.72929e-05
6.73454e-05
6.73783e-05
6.73979e-05
6.74506e-05
6.75033e-05
6.75383e-05
6.75560e-05
6.76089e-05
6.76618e-05
6.76985e-05
6.77147e-05
6.77677e-05
6.78208e-05
6.78589e-05
6.78739e-05
6.79271e-05
6.79804e-05
6.80193e-05
6.80337e-05
6.80871e-05
6.81406e-05
6.81800e-05
6.81941e-05
6.82477e-05
6.83014e-05
6.83407e-05
6.83551e-05
6.84089e-05
6.84627e-05
6.85017e-05
6.85167e-05
6.85707e-05
6.86247e-05
6.86628e-05
6.86788e-05
6.87330e-05
6.87873e-05
6.88240e-05
6.88416e-05
6.88960e-05
6.89504e-05
6.89854e-05
6.90049e-05
6.90595e-05
6.91142e-05
6.91470e-05
6.91689e-05
6.92237e-05
6.92785e-05
6.93087e-05
6.93335e-05
6.93885e-05
6.94435e-05
6.94705e-05
6.94986e-05
6.95538e-05
6.96091e-05
6.96325e-05
6.96644e-05
6.97199e-05
6.97753e-05
6.97947e-05
6.98309e-05
6.98865e-05
6.99422e-05
6.99571e-05
6.99979e-05
7.00538e-05
7.01097e-05
7.01196e-05
7.01656e-05
7.02217e-05
7.02778e-05
7.02823e-05
7.03340e-05
7.03902e-05
7.04451e-05
7.04465e-05
7.05029e-05
7.05594e-05
7.06081e-05
7.06159e-05
7.06726e-05
7.07292e-05
7.07712e-05
7.07860e-05
7.08428e-05
7.08997e-05
7.09346e-05
7.09567e-05
7.10138e-05
7.10709e-05
7.10981e-05
7.11281e-05
7.11853e-05
7.12427e-05
7.12617e-05
7.13001e-05
7.13576e-05
7.14152e-05
7.14255e-05
7.14728e-05
7.15305e-05
7.15883e-05
7.15895e-05
7.16462e-05
7.17041e-05
7.17537e-05
7.17622e-05
7.18202e-05
7.18784e-05
7.19180e-05
7.19367e-05
7.19950e-05
7.20534e-05
7.20825e-05
7.21119e-05
7.21704e-05
7.22290e-05
7.22472e-05
7.22877e-05
7.23465e-05
7.24054e-05
7.24120e-05
7.24643e-05
7.25233e-05
7.25770e-05
7.25824e-05
7.26416e-05
7.27009e-05
7.27422e-05
7.27602e-05
7.28196e-05
7.28791e-05
7.29076e-05
7.29386e-05
7.29983e-05
7.30580e-05
7.30731e-05
7.31178e-05
7.31777e-05
7.32377e-05
7.32388e-05
7.32977e-05
7.33579e-05
7.34046e-05
7.34181e-05
7.34783e-05
7.35387e-05
7.35707e-05
7.35992e-05
7.36597e-05
7.37203e-05
7.37369e-05
7.37810e-05
7.38418e-05
7.39027e-05
7.39033e-05
7.39636e-05
7.40247e-05
7.40699e-05
7.40858e-05
7.41470e-05
7.42083e-05
7.42367e-05
7.42696e-05
7.43311e-05
7.43926e-05
7.44036e-05
7.44542e-05
7.45159e-05
7.45708e-05
7.45777e-05
7.46396e-05
7.47016e-05
7.47381e-05
7.47636e-05
7.48258e-05
7.48880e-05
7.49056e-05
7.49503e-05
7.50127e-05
7.50733e-05
7.50752e-05
7.51378e-05
7.52005e-05
7.52412e-05
7.52632e-05
7.53261e-05
7.53890e-05
7.54093e-05
7.54520e-05
7.55151e-05
7.55776e-05
7.55783e-05
7.56416e-05
7.57050e-05
7.57460e-05
7.57685e-05
7.58320e-05
7.58957e-05
7.59147e-05
7.59594e-05
7.60232e-05
7.60836e-05
7.60872e-05
7.61512e-05
7.62153e-05
7.62526e-05
7.62795e-05
7.63438e-05
7.64082e-05
7.64219e-05
7.64727e-05
7.65372e-05
7.65913e-05
7.66019e-05
7.66667e-05
7.67315e-05
7.67609e-05
7.67965e-05
7.68615e-05
7.69267e-05
7.69308e-05
7.69919e-05
7.70572e-05
7.71008e-05
7.71226e-05
7.71882e-05
7.72538e-05
7.72711e-05
7.73195e-05
7.73853e-05
7.74415e-05
7.74512e-05
7.75027e-05
