SF_Version 0.9.3
19-Aug-2024 12:30:30
Temp(K) Pressure(MPa) Temp(K) Pressure(MPa)  Points 
230.0000 211.4380 260.0000 206.1258 311.0000
###########################################################
DV (m^3/kg)
-8.62142e-04
-8.62162e-04
-8.62181e-04
-8.62200e-04
-8.62219e-04
-8.62238e-04
-8.62257e-04
-8.62277e-04
-8.62296e-04
-8.62315e-04
-8.62334e-04
-8.62353e-04
-8.62373e-04
-8.62392e-04
-8.62411e-04
-8.62430e-04
-8.62450e-04
-8.62469e-04
-8.62488e-04
-8.62508e-04
-8.62527e-04
-8.62546e-04
-8.62565e-04
-8.62585e-04
-8.62585e-04
-8.62604e-04
-8.62623e-04
-8.62643e-04
-8.62662e-04
-8.62681e-04
-8.62701e-04
-8.62720e-04
-8.62740e-04
-8.62759e-04
-8.62778e-04
-8.62798e-04
-8.62817e-04
-8.62837e-04
-8.62856e-04
-8.62875e-04
-8.62895e-04
-8.62914e-04
-8.62934e-04
-8.62953e-04
-8.62973e-04
-8.62992e-04
-8.63012e-04
-8.63031e-04
-8.63051e-04
-8.63070e-04
-8.63090e-04
-8.63100e-04
-8.63109e-04
-8.63129e-04
-8.63148e-04
-8.63168e-04
-8.63188e-04
-8.63207e-04
-8.63227e-04
-8.63246e-04
-8.63266e-04
-8.63286e-04
-8.63305e-04
-8.63325e-04
-8.63344e-04
-8.63364e-04
-8.63384e-04
-8.63403e-04
-8.63423e-04
-8.63443e-04
-8.63462e-04
-8.63482e-04
-8.63502e-04
-8.63521e-04
-8.63541e-04
-8.63561e-04
-8.63581e-04
-8.63600e-04
-8.63620e-04
-8.63627e-04
-8.63640e-04
-8.63660e-04
-8.63679e-04
-8.63699e-04
-8.63719e-04
-8.63739e-04
-8.63759e-04
-8.63778e-04
-8.63798e-04
-8.63818e-04
-8.63838e-04
-8.63858e-04
-8.63878e-04
4.70677e-05
4.70798e-05
4.70920e-05
4.71041e-05
4.71163e-05
4.71285e-05
4.71408e-05
4.71530e-05
4.71653e-05
4.71776e-05
4.71900e-05
4.72023e-05
4.72147e-05
4.72271e-05
4.72336e-05
4.72395e-05
4.72520e-05
4.72644e-05
4.72769e-05
4.72895e-05
4.73020e-05
4.73146e-05
4.73272e-05
4.73398e-05
4.73524e-05
4.73651e-05
4.73777e-05
4.73904e-05
4.74032e-05
4.74159e-05
4.74287e-05
4.74415e-05
4.74543e-05
4.74671e-05
4.74800e-05
4.74928e-05
4.75057e-05
4.75187e-05
4.75316e-05
4.75446e-05
4.75575e-05
4.75705e-05
4.75836e-05
4.75847e-05
4.75966e-05
4.76097e-05
4.76227e-05
4.76359e-05
4.76490e-05
4.76621e-05
4.76753e-05
4.76885e-05
4.77017e-05
4.77149e-05
4.77281e-05
4.77414e-05
4.77547e-05
4.77680e-05
4.77813e-05
4.77946e-05
4.78080e-05
4.78214e-05
4.78348e-05
4.78482e-05
4.78616e-05
4.78750e-05
4.78885e-05
4.79020e-05
4.79155e-05
4.79290e-05
4.79425e-05
4.79561e-05
4.79574e-05
4.79696e-05
4.79832e-05
4.79968e-05
4.80105e-05
4.80241e-05
4.80377e-05
4.80514e-05
4.80651e-05
4.80788e-05
4.80925e-05
4.81062e-05
4.81200e-05
4.81337e-05
4.81475e-05
4.81613e-05
4.81751e-05
4.81889e-05
4.82027e-05
4.82166e-05
4.82304e-05
4.82443e-05
4.82582e-05
4.82721e-05
4.82860e-05
4.83000e-05
4.83139e-05
4.83279e-05
4.83418e-05
4.83501e-05
4.83558e-05
4.83698e-05
4.83838e-05
4.83978e-05
4.84119e-05
4.84259e-05
4.84400e-05
4.84540e-05
4.84681e-05
4.84822e-05
4.84963e-05
4.85104e-05
4.85245e-05
4.85387e-05
4.85528e-05
4.85670e-05
4.85811e-05
4.85953e-05
4.86095e-05
4.86237e-05
4.86379e-05
4.86521e-05
4.86663e-05
4.86806e-05
4.86948e-05
4.87091e-05
4.87233e-05
4.87376e-05
4.87519e-05
4.87610e-05
4.87662e-05
4.87805e-05
4.87948e-05
4.88091e-05
4.88234e-05
4.88377e-05
4.88521e-05
4.88664e-05
4.88807e-05
4.88951e-05
4.89095e-05
4.89238e-05
4.89382e-05
4.89526e-05
4.89670e-05
4.89814e-05
4.89958e-05
4.90102e-05
4.90246e-05
4.90390e-05
4.90535e-05
4.90679e-05
4.90823e-05
4.90968e-05
4.91112e-05
4.91257e-05
4.91402e-05
4.91546e-05
4.91691e-05
4.91836e-05
4.91882e-05
4.91981e-05
4.92125e-05
4.92270e-05
4.92415e-05
4.92560e-05
4.92705e-05
4.92850e-05
4.92995e-05
4.93140e-05
4.93286e-05
4.93431e-05
4.93576e-05
4.93721e-05
4.93866e-05
4.94012e-05
4.94157e-05
4.94302e-05
4.94448e-05
4.94593e-05
4.94739e-05
4.94884e-05
4.95030e-05
4.95175e-05
4.95321e-05
4.95466e-05
4.95612e-05
4.95758e-05
4.95903e-05
4.96049e-05
4.96194e-05
4.96299e-05
4.96340e-05
4.96486e-05
4.96632e-05
4.96777e-05
4.96923e-05
4.97069e-05
4.97214e-05
4.97360e-05
4.97506e-05
4.97652e-05
4.97798e-05
4.97943e-05
4.98089e-05
4.98235e-05
4.98381e-05
4.98527e-05
4.98673e-05
4.98819e-05
4.98964e-05
4.99110e-05
4.99256e-05
4.99402e-05
4.99548e-05
4.99694e-05
