SF_Version 0.9.3
03-Sep-2024 23:12:15
Temp(K) Pressure(MPa) Temp(K) Pressure(MPa)  Points 
0.9989 0.1000 238.2371 209.8850 2793.0000 
###########################################################
DV (m^3/kg)
8.42264e-04
8.42235e-04
8.42205e-04
8.42176e-04
8.42147e-04
8.42118e-04
8.42089e-04
8.42060e-04
8.42030e-04
8.42001e-04
8.41972e-04
8.41943e-04
8.41914e-04
8.41885e-04
8.41855e-04
8.41826e-04
8.41797e-04
8.41768e-04
8.41739e-04
8.41710e-04
8.41681e-04
8.41652e-04
8.41623e-04
8.41594e-04
8.41565e-04
8.41536e-04
8.41507e-04
8.41478e-04
8.41448e-04
8.41419e-04
8.41390e-04
8.41361e-04
8.41332e-04
8.41303e-04
8.41274e-04
8.41246e-04
8.41217e-04
8.41188e-04
8.41159e-04
8.41130e-04
8.41101e-04
8.41072e-04
8.41043e-04
8.41014e-04
8.40985e-04
8.40956e-04
8.40927e-04
8.40898e-04
8.40870e-04
8.40841e-04
8.40812e-04
8.40783e-04
8.40754e-04
8.40725e-04
8.40696e-04
8.40668e-04
8.40639e-04
8.40610e-04
8.40581e-04
-2.27418e-04
-2.27414e-04
-2.27411e-04
-2.27408e-04
-2.27404e-04
-2.27401e-04
-2.27398e-04
-2.27397e-04
-2.27394e-04
-2.27391e-04
-2.27387e-04
-2.27384e-04
-2.27380e-04
-2.27377e-04
-2.27377e-04
-2.27374e-04
-2.27370e-04
-2.27367e-04
-2.27363e-04
-2.27360e-04
-2.27357e-04
-2.27357e-04
-2.27353e-04
-2.27350e-04
-2.27346e-04
-2.27343e-04
-2.27340e-04
-2.27336e-04
-2.27336e-04
-2.27333e-04
-2.27329e-04
-2.27326e-04
-2.27323e-04
-2.27319e-04
-2.27316e-04
-2.27316e-04
-2.27312e-04
-2.27309e-04
-2.27306e-04
-2.27302e-04
-2.27299e-04
-2.27295e-04
-2.27295e-04
-2.27292e-04
-2.27289e-04
-2.27285e-04
-2.27282e-04
-2.27278e-04
-2.27275e-04
-2.27275e-04
-2.27272e-04
-2.27268e-04
-2.27265e-04
-2.27261e-04
-2.27258e-04
-2.27255e-04
-2.27254e-04
-2.27251e-04
-2.27248e-04
-2.27244e-04
-2.27241e-04
-2.27237e-04
-2.27234e-04
-2.27234e-04
-2.27231e-04
-2.27227e-04
-2.27224e-04
-2.27220e-04
-2.27217e-04
-2.27214e-04
-2.27213e-04
-2.27210e-04
-2.27207e-04
-2.27203e-04
-2.27200e-04
-2.27197e-04
-2.27193e-04
-2.27192e-04
-2.27190e-04
-2.27186e-04
-2.27183e-04
-2.27180e-04
-2.27176e-04
-2.27173e-04
-2.27171e-04
-2.27169e-04
-2.27166e-04
-2.27162e-04
-2.27159e-04
-2.27156e-04
-2.27152e-04
-2.27150e-04
-2.27149e-04
-2.27145e-04
-2.27142e-04
-2.27138e-04
-2.27135e-04
-2.27132e-04
-2.27129e-04
-2.27128e-04
-2.27125e-04
-2.27121e-04
-2.27118e-04
-2.27114e-04
-2.27111e-04
-2.27108e-04
-2.27108e-04
-2.27104e-04
-2.27101e-04
-2.27097e-04
-2.27094e-04
-2.27090e-04
-2.27087e-04
-2.27087e-04
-2.27083e-04
-2.27080e-04
-2.27076e-04
-2.27073e-04
-2.27070e-04
-2.27066e-04
-2.27065e-04
-2.27063e-04
-2.27059e-04
-2.27056e-04
-2.27052e-04
-2.27049e-04
-2.27045e-04
-2.27044e-04
-2.27042e-04
-2.27038e-04
-2.27035e-04
-2.27031e-04
-2.27028e-04
-2.27024e-04
-2.27022e-04
-2.27021e-04
-2.27017e-04
-2.27014e-04
-2.27010e-04
-2.27007e-04
-2.27003e-04
-2.27000e-04
-2.27000e-04
-2.26996e-04
-2.26993e-04
-2.26989e-04
-2.26986e-04
-2.26982e-04
-2.26979e-04
-2.26978e-04
-2.26975e-04
-2.26971e-04
-2.26968e-04
-2.26964e-04
-2.26961e-04
-2.26957e-04
-2.26956e-04
-2.26954e-04
-2.26950e-04
-2.26946e-04
-2.26943e-04
-2.26939e-04
-2.26936e-04
-2.26934e-04
-2.26932e-04
-2.26929e-04
-2.26925e-04
-2.26921e-04
-2.26918e-04
-2.26914e-04
-2.26911e-04
-2.26910e-04
-2.26907e-04
-2.26903e-04
-2.26899e-04
-2.26896e-04
-2.26892e-04
-2.26889e-04
-2.26888e-04
-2.26885e-04
-2.26881e-04
-2.26878e-04
-2.26874e-04
-2.26870e-04
-2.26866e-04
-2.26865e-04
-2.26863e-04
-2.26859e-04
-2.26855e-04
-2.26852e-04
-2.26848e-04
-2.26844e-04
-2.26842e-04
-2.26840e-04
-2.26837e-04
-2.26833e-04
-2.26829e-04
-2.26825e-04
-2.26822e-04
-2.26819e-04
-2.26818e-04
-2.26814e-04
-2.26810e-04
-2.26806e-04
-2.26803e-04
-2.26799e-04
-2.26796e-04
-2.26795e-04
-2.26791e-04
-2.26787e-04
-2.26784e-04
-2.26780e-04
-2.26776e-04
-2.26772e-04
-2.26772e-04
-2.26768e-04
-2.26764e-04
-2.26760e-04
-2.26757e-04
-2.26753e-04
-2.26749e-04
-2.26748e-04
-2.26745e-04
-2.26741e-04
-2.26737e-04
-2.26733e-04
-2.26729e-04
-2.26725e-04
-2.26724e-04
-2.26721e-04
-2.26717e-04
-2.26713e-04
-2.26709e-04
-2.26705e-04
-2.26701e-04
-2.26700e-04
-2.26697e-04
-2.26693e-04
-2.26689e-04
-2.26685e-04
-2.26681e-04
-2.26677e-04
-2.26675e-04
-2.26673e-04
-2.26669e-04
-2.26665e-04
-2.26661e-04
-2.26657e-04
-2.26653e-04
-2.26650e-04
-2.26649e-04
-2.26645e-04
-2.26641e-04
-2.26636e-04
-2.26632e-04
-2.26628e-04
-2.26625e-04
-2.26624e-04
-2.26620e-04
-2.26616e-04
-2.26612e-04
-2.26607e-04
-2.26603e-04
-2.26600e-04
-2.26599e-04
-2.26595e-04
-2.26591e-04
-2.26586e-04
-2.26582e-04
-2.26578e-04
-2.26575e-04
-2.26574e-04
-2.26569e-04
-2.26565e-04
-2.26561e-04
-2.26557e-04
-2.26552e-04
-2.26549e-04
-2.26548e-04
-2.26544e-04
-2.26539e-04
-2.26535e-04
-2.26531e-04
-2.26526e-04
-2.26523e-04
-2.26522e-04
-2.26518e-04
-2.26513e-04
-2.26509e-04
-2.26505e-04
-2.26500e-04
-2.26497e-04
-2.26496e-04
-2.26491e-04
-2.26487e-04
-2.26483e-04
-2.26478e-04
-2.26474e-04
-2.26471e-04
-2.26469e-04
-2.26465e-04
-2.26460e-04
-2.26456e-04
-2.26451e-04
-2.26447e-04
-2.26444e-04
-2.26442e-04
-2.26438e-04
-2.26433e-04
-2.26429e-04
-2.26424e-04
-2.26420e-04
-2.26417e-04
-2.26415e-04
-2.26411e-04
-2.26406e-04
-2.26402e-04
-2.26397e-04
-2.26392e-04
-2.26390e-04
-2.26388e-04
-2.26383e-04
-2.26379e-04
-2.26374e-04
-2.26369e-04
-2.26365e-04
-2.26363e-04
-2.26360e-04
-2.26356e-04
-2.26351e-04
-2.26346e-04
-2.26341e-04
-2.26337e-04
-2.26335e-04
-2.26332e-04
-2.26327e-04
-2.26323e-04
-2.26318e-04
-2.26313e-04
-2.26309e-04
-2.26308e-04
-2.26304e-04
-2.26299e-04
-2.26294e-04
-2.26289e-04
-2.26285e-04
-2.26280e-04
-2.26280e-04
-2.26275e-04
-2.26270e-04
-2.26266e-04
-2.26261e-04
-2.26256e-04
-2.26252e-04
-2.26251e-04
-2.26246e-04
-2.26241e-04
-2.26236e-04
-2.26232e-04
-2.26227e-04
-2.26223e-04
-2.26222e-04
-2.26217e-04
-2.26212e-04
-2.26207e-04
-2.26202e-04
-2.26197e-04
-2.26195e-04
-2.26192e-04
-2.26187e-04
-2.26182e-04
-2.26178e-04
-2.26173e-04
-2.26168e-04
-2.26166e-04
-2.26163e-04
-2.26158e-04
-2.26153e-04
-2.26148e-04
-2.26143e-04
-2.26138e-04
-2.26137e-04
-2.26133e-04
-2.26128e-04
-2.26122e-04
-2.26117e-04
-2.26112e-04
-2.26108e-04
-2.26107e-04
-2.26102e-04
-2.26097e-04
-2.26092e-04
-2.26087e-04
-2.26082e-04
-2.26078e-04
-2.26077e-04
-2.26072e-04
-2.26067e-04
-2.26061e-04
-2.26056e-04
-2.26051e-04
-2.26048e-04
-2.26046e-04
-2.26041e-04
-2.26036e-04
-2.26030e-04
-2.26025e-04
-2.26020e-04
-2.26018e-04
-2.26015e-04
-2.26010e-04
-2.26004e-04
-2.25999e-04
-2.25994e-04
-2.25989e-04
-2.25988e-04
-2.25983e-04
-2.25978e-04
-2.25973e-04
-2.25968e-04
-2.25962e-04
-2.25958e-04
-2.25957e-04
-2.25952e-04
-2.25947e-04
-2.25941e-04
-2.25936e-04
-2.25931e-04
-2.25927e-04
-2.25925e-04
-2.25920e-04
-2.25915e-04
-2.25909e-04
-2.25904e-04
-2.25899e-04
-2.25896e-04
-2.25893e-04
-2.25888e-04
-2.25882e-04
-2.25877e-04
-2.25872e-04
-2.25866e-04
-2.25865e-04
-2.25861e-04
-2.25855e-04
-2.25850e-04
-2.25845e-04
-2.25839e-04
-2.25834e-04
-2.25834e-04
-2.25828e-04
-2.25823e-04
-2.25817e-04
-2.25812e-04
-2.25806e-04
-2.25803e-04
-2.25801e-04
-2.25795e-04
-2.25790e-04
-2.25784e-04
-2.25779e-04
-2.25773e-04
-2.25771e-04
-2.25768e-04
-2.25762e-04
-2.25757e-04
-2.25751e-04
-2.25746e-04
-2.25740e-04
-2.25739e-04
-2.25735e-04
-2.25729e-04
-2.25723e-04
-2.25718e-04
-2.25712e-04
-2.25707e-04
-2.25707e-04
-2.25701e-04
-2.25696e-04
-2.25690e-04
-2.25684e-04
-2.25679e-04
-2.25675e-04
-2.25673e-04
-2.25667e-04
-2.25662e-04
-2.25656e-04
-2.25650e-04
-2.25645e-04
-2.25642e-04
-2.25639e-04
-2.25633e-04
-2.25628e-04
-2.25622e-04
-2.25616e-04
-2.25611e-04
-2.25609e-04
-2.25605e-04
-2.25599e-04
-2.25594e-04
-2.25588e-04
-2.25582e-04
-2.25576e-04
-2.25576e-04
-2.25571e-04
-2.25565e-04
-2.25559e-04
-2.25553e-04
-2.25548e-04
-2.25543e-04
-2.25542e-04
-2.25536e-04
-2.25530e-04
-2.25525e-04
-2.25519e-04
-2.25513e-04
-2.25510e-04
-2.25507e-04
-2.25501e-04
-2.25496e-04
-2.25490e-04
-2.25484e-04
-2.25478e-04
-2.25476e-04
-2.25472e-04
-2.25466e-04
-2.25461e-04
-2.25455e-04
-2.25449e-04
-2.25443e-04
-2.25443e-04
-2.25437e-04
-2.25431e-04
-2.25425e-04
-2.25420e-04
-2.25414e-04
-2.25409e-04
-2.25408e-04
-2.25402e-04
-2.25396e-04
-2.25390e-04
-2.25384e-04
-2.25378e-04
-2.25374e-04
-2.25372e-04
-2.25366e-04
-2.25361e-04
-2.25355e-04
-2.25349e-04
-2.25343e-04
-2.25340e-04
-2.25337e-04
-2.25331e-04
-2.25325e-04
-2.25319e-04
-2.25313e-04
-2.25307e-04
-2.25305e-04
-2.25301e-04
-2.25295e-04
-2.25289e-04
-2.25283e-04
-2.25277e-04
-2.25271e-04
-2.25271e-04
-2.25265e-04
-2.25259e-04
-2.25253e-04
-2.25247e-04
-2.25241e-04
-2.25236e-04
-2.25235e-04
-2.25229e-04
-2.25223e-04
-2.25217e-04
-2.25211e-04
-2.25205e-04
-2.25200e-04
-2.25199e-04
-2.25193e-04
-2.25187e-04
-2.25181e-04
-2.25175e-04
-2.25168e-04
-2.25165e-04
-2.25162e-04
-2.25156e-04
-2.25150e-04
-2.25144e-04
-2.25138e-04
-2.25132e-04
-2.25130e-04
-2.25126e-04
-2.25120e-04
-2.25114e-04
-2.25108e-04
-2.25101e-04
-2.25095e-04
-2.25094e-04
-2.25089e-04
-2.25083e-04
-2.25077e-04
-2.25071e-04
-2.25065e-04
-2.25058e-04
-2.25058e-04
-2.25052e-04
-2.25046e-04
-2.25040e-04
-2.25034e-04
-2.25028e-04
-2.25022e-04
-2.25022e-04
-2.25015e-04
-2.25009e-04
-2.25003e-04
-2.24997e-04
-2.24991e-04
-2.24985e-04
-2.24984e-04
-2.24978e-04
-2.24972e-04
-2.24966e-04
-2.24960e-04
-2.24953e-04
-2.24949e-04
-2.24947e-04
-2.24941e-04
-2.24935e-04
-2.24929e-04
-2.24922e-04
-2.24916e-04
-2.24912e-04
-2.24910e-04
-2.24904e-04
-2.24897e-04
-2.24891e-04
-2.24885e-04
-2.24879e-04
-2.24875e-04
-2.24872e-04
-2.24866e-04
-2.24860e-04
-2.24854e-04
-2.24847e-04
-2.24841e-04
-2.24838e-04
-2.24835e-04
-2.24829e-04
-2.24822e-04
-2.24816e-04
-2.24810e-04
-2.24804e-04
-2.24801e-04
-2.24797e-04
-2.24791e-04
-2.24785e-04
-2.24778e-04
-2.24772e-04
-2.24766e-04
-2.24764e-04
-2.24760e-04
-2.24753e-04
-2.24747e-04
-2.24741e-04
-2.24734e-04
-2.24728e-04
-2.24726e-04
-2.24722e-04
-2.24715e-04
-2.24709e-04
-2.24703e-04
-2.24696e-04
-2.24690e-04
-2.24689e-04
-2.24684e-04
-2.24677e-04
-2.24671e-04
-2.24665e-04
-2.24658e-04
-2.24652e-04
-2.24651e-04
-2.24646e-04
-2.24639e-04
-2.24633e-04
-2.24627e-04
-2.24620e-04
-2.24614e-04
-2.24613e-04
-2.24607e-04
-2.24601e-04
-2.24595e-04
-2.24588e-04
-2.24582e-04
-2.24576e-04
-2.24574e-04
-2.24569e-04
-2.24563e-04
-2.24556e-04
-2.24550e-04
-2.24544e-04
-2.24537e-04
-2.24536e-04
-2.24531e-04
-2.24525e-04
-2.24518e-04
-2.24512e-04
-2.24505e-04
-2.24499e-04
-2.24497e-04
-2.24493e-04
-2.24486e-04
-2.24480e-04
-2.24473e-04
-2.24467e-04
-2.24461e-04
-2.24459e-04
-2.24454e-04
-2.24448e-04
-2.24441e-04
-2.24435e-04
-2.24428e-04
-2.24422e-04
-2.24420e-04
-2.24416e-04
-2.24409e-04
-2.24403e-04
-2.24396e-04
-2.24390e-04
-2.24383e-04
-2.24381e-04
-2.24377e-04
-2.24371e-04
-2.24364e-04
-2.24358e-04
-2.24351e-04
-2.24345e-04
-2.24342e-04
-2.24338e-04
-2.24332e-04
-2.24325e-04
-2.24319e-04
-2.24313e-04
-2.24306e-04
-2.24302e-04
-2.24300e-04
-2.24293e-04
-2.24287e-04
-2.24280e-04
-2.24274e-04
-2.24267e-04
-2.24263e-04
-2.24261e-04
-2.24254e-04
-2.24248e-04
-2.24241e-04
-2.24235e-04
-2.24229e-04
-2.24223e-04
-2.24222e-04
-2.24216e-04
-2.24209e-04
-2.24203e-04
-2.24196e-04
-2.24190e-04
-2.24184e-04
-2.24183e-04
-2.24177e-04
-2.24170e-04
-2.24164e-04
-2.24157e-04
-2.24151e-04
-2.24144e-04
-2.24144e-04
-2.24138e-04
-2.24131e-04
-2.24125e-04
-2.24118e-04
-2.24112e-04
-2.24105e-04
-2.24104e-04
-2.24099e-04
-2.24092e-04
-2.24086e-04
-2.24079e-04
-2.24073e-04
-2.24066e-04
-2.24064e-04
-2.24060e-04
-2.24053e-04
-2.24047e-04
-2.24040e-04
-2.24034e-04
-2.24027e-04
-2.24023e-04
-2.24021e-04
-2.24014e-04
-2.24008e-04
-2.24001e-04
-2.23995e-04
-2.23988e-04
-2.23983e-04
-2.23982e-04
-2.23975e-04
-2.23969e-04
-2.23962e-04
-2.23956e-04
-2.23949e-04
-2.23943e-04
-2.23943e-04
-2.23936e-04
-2.23930e-04
-2.23923e-04
-2.23917e-04
-2.23910e-04
-2.23904e-04
-2.23902e-04
-2.23897e-04
-2.23891e-04
-2.23884e-04
-2.23878e-04
-2.23871e-04
-2.23865e-04
-2.23861e-04
-2.23858e-04
-2.23852e-04
-2.23845e-04
-2.23839e-04
-2.23832e-04
-2.23825e-04
-2.23820e-04
-2.23819e-04
-2.23812e-04
-2.23806e-04
-2.23799e-04
-2.23793e-04
-2.23786e-04
-2.23780e-04
-2.23779e-04
-2.23773e-04
-2.23767e-04
-2.23760e-04
-2.23754e-04
-2.23747e-04
-2.23741e-04
-2.23738e-04
-2.23734e-04
-2.23728e-04
-2.23721e-04
-2.23715e-04
-2.23708e-04
-2.23702e-04
-2.23697e-04
-2.23695e-04
-2.23689e-04
-2.23682e-04
-2.23675e-04
-2.23669e-04
-2.23662e-04
-2.23656e-04
-2.23656e-04
-2.23649e-04
-2.23643e-04
-2.23636e-04
-2.23630e-04
-2.23623e-04
-2.23617e-04
-2.23614e-04
-2.23610e-04
-2.23604e-04
-2.23597e-04
-2.23591e-04
-2.23584e-04
-2.23578e-04
-2.23573e-04
-2.23571e-04
-2.23565e-04
-2.23558e-04
-2.23552e-04
-2.23545e-04
-2.23538e-04
-2.23532e-04
-2.23531e-04
-2.23525e-04
-2.23519e-04
-2.23512e-04
-2.23506e-04
-2.23499e-04
-2.23493e-04
-2.23490e-04
-2.23486e-04
-2.23480e-04
-2.23473e-04
-2.23467e-04
-2.23460e-04
-2.23454e-04
-2.23448e-04
-2.23447e-04
-2.23441e-04
-2.23434e-04
-2.23428e-04
-2.23421e-04
-2.23415e-04
-2.23408e-04
-2.23406e-04
-2.23402e-04
-2.23395e-04
-2.23389e-04
-2.23382e-04
-2.23376e-04
-2.23369e-04
-2.23364e-04
-2.23363e-04
-2.23356e-04
-2.23350e-04
-2.23343e-04
-2.23337e-04
-2.23330e-04
-2.23324e-04
-2.23322e-04
-2.23317e-04
-2.23311e-04
-2.23304e-04
-2.23298e-04
-2.23291e-04
-2.23285e-04
-2.23280e-04
-2.23278e-04
-2.23272e-04
-2.23265e-04
-2.23259e-04
-2.23252e-04
-2.23246e-04
-2.23239e-04
-2.23238e-04
-2.23233e-04
-2.23226e-04
-2.23220e-04
-2.23213e-04
-2.23207e-04
-2.23200e-04
-2.23196e-04
-2.23194e-04
-2.23187e-04
-2.23181e-04
-2.23174e-04
-2.23168e-04
-2.23161e-04
-2.23155e-04
-2.23154e-04
-2.23148e-04
-2.23142e-04
-2.23136e-04
-2.23129e-04
-2.23123e-04
-2.23116e-04
-2.23112e-04
-2.23110e-04
-2.23103e-04
-2.23097e-04
-2.23090e-04
-2.23084e-04
-2.23077e-04
-2.23071e-04
-2.23069e-04
-2.23064e-04
-2.23058e-04
-2.23052e-04
-2.23045e-04
-2.23039e-04
-2.23032e-04
-2.23027e-04
-2.23026e-04
-2.23019e-04
-2.23013e-04
-2.23006e-04
-2.23000e-04
-2.22993e-04
-2.22987e-04
-2.22985e-04
-2.22981e-04
-2.22974e-04
-2.22968e-04
-2.22961e-04
-2.22955e-04
-2.22948e-04
-2.22942e-04
-2.22942e-04
-2.22936e-04
-2.22929e-04
-2.22923e-04
-2.22916e-04
-2.22910e-04
-2.22903e-04
-2.22900e-04
-2.22897e-04
-2.22891e-04
-2.22884e-04
-2.22878e-04
-2.22871e-04
-2.22865e-04
-2.22859e-04
-2.22858e-04
-2.22852e-04
-2.22846e-04
-2.22839e-04
-2.22833e-04
-2.22827e-04
-2.22820e-04
-2.22815e-04
-2.22814e-04
-2.22807e-04
-2.22801e-04
-2.22795e-04
-2.22788e-04
-2.22782e-04
-2.22775e-04
-2.22773e-04
-2.22769e-04
-2.22763e-04
-2.22756e-04
-2.22750e-04
-2.22744e-04
-2.22737e-04
-2.22731e-04
-2.22730e-04
-2.22724e-04
-2.22718e-04
-2.22712e-04
-2.22705e-04
-2.22699e-04
-2.22693e-04
-2.22688e-04
-2.22686e-04
-2.22680e-04
-2.22674e-04
-2.22667e-04
-2.22661e-04
-2.22655e-04
-2.22648e-04
-2.22645e-04
-2.22642e-04
-2.22636e-04
-2.22629e-04
-2.22623e-04
-2.22616e-04
-2.22610e-04
-2.22604e-04
-2.22603e-04
-2.22598e-04
-2.22591e-04
-2.22585e-04
-2.22579e-04
-2.22572e-04
-2.22566e-04
-2.22560e-04
-2.22560e-04
-2.22553e-04
-2.22547e-04
-2.22541e-04
-2.22534e-04
-2.22528e-04
-2.22522e-04
-2.22518e-04
-2.22515e-04
-2.22509e-04
-2.22503e-04
-2.22497e-04
-2.22490e-04
-2.22484e-04
-2.22478e-04
-2.22475e-04
-2.22471e-04
-2.22465e-04
-2.22459e-04
-2.22453e-04
-2.22446e-04
-2.22440e-04
-2.22434e-04
-2.22433e-04
-2.22428e-04
-2.22421e-04
-2.22415e-04
-2.22409e-04
-2.22402e-04
-2.22396e-04
-2.22390e-04
-2.22390e-04
-2.22384e-04
-2.22377e-04
-2.22371e-04
-2.22365e-04
-2.22359e-04
-2.22353e-04
-2.22348e-04
-2.22346e-04
-2.22340e-04
-2.22334e-04
-2.22328e-04
-2.22321e-04
-2.22315e-04
-2.22309e-04
-2.22306e-04
-2.22303e-04
-2.22297e-04
-2.22290e-04
-2.22284e-04
-2.22278e-04
-2.22272e-04
-2.22265e-04
-2.22263e-04
-2.22259e-04
-2.22253e-04
-2.22247e-04
-2.22241e-04
-2.22235e-04
-2.22228e-04
-2.22222e-04
-2.22221e-04
-2.22216e-04
-2.22210e-04
-2.22204e-04
-2.22197e-04
-2.22191e-04
-2.22185e-04
-2.22179e-04
-2.22179e-04
-2.22173e-04
-2.22167e-04
-2.22161e-04
-2.22154e-04
-2.22148e-04
-2.22142e-04
-2.22137e-04
-2.22136e-04
-2.22130e-04
-2.22124e-04
-2.22118e-04
-2.22111e-04
-2.22105e-04
-2.22099e-04
-2.22095e-04
-2.22093e-04
-2.22087e-04
-2.22081e-04
-2.22075e-04
-2.22069e-04
-2.22062e-04
-2.22056e-04
-2.22053e-04
-2.22050e-04
-2.22044e-04
-2.22038e-04
-2.22032e-04
-2.22026e-04
-2.22020e-04
-2.22014e-04
-2.22011e-04
-2.22008e-04
-2.22002e-04
-2.21995e-04
-2.21989e-04
-2.21983e-04
-2.21977e-04
-2.21971e-04
-2.21969e-04
-2.21965e-04
-2.21959e-04
-2.21953e-04
-2.21947e-04
-2.21941e-04
-2.21935e-04
-2.21929e-04
-2.21927e-04
-2.21923e-04
-2.21917e-04
-2.21911e-04
-2.21905e-04
-2.21899e-04
-2.21893e-04
-2.21887e-04
-2.21885e-04
-2.21881e-04
-2.21875e-04
-2.21869e-04
-2.21863e-04
-2.21857e-04
-2.21851e-04
-2.21845e-04
-2.21843e-04
-2.21839e-04
-2.21833e-04
-2.21827e-04
-2.21821e-04
-2.21815e-04
-2.21809e-04
-2.21803e-04
-2.21802e-04
-2.21797e-04
-2.21791e-04
-2.21785e-04
-2.21779e-04
-2.21773e-04
-2.21767e-04
-2.21761e-04
-2.21760e-04
-2.21755e-04
-2.21749e-04
-2.21743e-04
-2.21737e-04
-2.21731e-04
-2.21725e-04
-2.21719e-04
-2.21719e-04
-2.21713e-04
-2.21707e-04
-2.21701e-04
-2.21696e-04
-2.21690e-04
-2.21684e-04
-2.21678e-04
-2.21677e-04
-2.21672e-04
-2.21666e-04
-2.21660e-04
-2.21654e-04
-2.21648e-04
-2.21642e-04
-2.21637e-04
-2.21636e-04
-2.21631e-04
-2.21625e-04
-2.21619e-04
-2.21613e-04
-2.21607e-04
-2.21601e-04
-2.21595e-04
-2.21595e-04
-2.21590e-04
-2.21584e-04
-2.21578e-04
-2.21572e-04
-2.21566e-04
-2.21560e-04
-2.21554e-04
-2.21554e-04
-2.21549e-04
-2.21543e-04
-2.21537e-04
-2.21531e-04
-2.21525e-04
-2.21519e-04
-2.21514e-04
-2.21513e-04
-2.21508e-04
-2.21502e-04
-2.21496e-04
-2.21490e-04
-2.21485e-04
-2.21479e-04
-2.21473e-04
-2.21472e-04
-2.21467e-04
-2.21461e-04
-2.21456e-04
-2.21450e-04
-2.21444e-04
-2.21438e-04
-2.21433e-04
-2.21432e-04
-2.21427e-04
-2.21421e-04
-2.21415e-04
-2.21410e-04
-2.21404e-04
-2.21398e-04
-2.21392e-04
-2.21391e-04
-2.21387e-04
-2.21381e-04
-2.21375e-04
-2.21369e-04
-2.21364e-04
-2.21358e-04
-2.21352e-04
-2.21350e-04
-2.21346e-04
-2.21341e-04
-2.21335e-04
-2.21329e-04
-2.21324e-04
-2.21318e-04
-2.21312e-04
-2.21310e-04
-2.21307e-04
-2.21301e-04
-2.21295e-04
-2.21290e-04
-2.21284e-04
-2.21278e-04
-2.21273e-04
-2.21270e-04
-2.21267e-04
-2.21261e-04
-2.21256e-04
-2.21250e-04
-2.21244e-04
-2.21239e-04
-2.21233e-04
-2.21230e-04
-2.21227e-04
-2.21222e-04
-2.21216e-04
-2.21210e-04
-2.21205e-04
-2.21199e-04
-2.21194e-04
-2.21190e-04
-2.21188e-04
-2.21182e-04
-2.21177e-04
-2.21171e-04
-2.21165e-04
-2.21160e-04
-2.21154e-04
-2.21150e-04
-2.21149e-04
-2.21143e-04
-2.21138e-04
-2.21132e-04
-2.21126e-04
-2.21121e-04
-2.21115e-04
-2.21110e-04
-2.21110e-04
-2.21104e-04
-2.21099e-04
-2.21093e-04
-2.21087e-04
-2.21082e-04
-2.21076e-04
-2.21071e-04
-2.21071e-04
-2.21065e-04
-2.21060e-04
-2.21054e-04
-2.21049e-04
-2.21043e-04
-2.21038e-04
-2.21032e-04
-2.21031e-04
-2.21027e-04
-2.21021e-04
-2.21016e-04
-2.21010e-04
-2.21005e-04
-2.20999e-04
-2.20994e-04
-2.20992e-04
-2.20988e-04
-2.20983e-04
-2.20977e-04
-2.20972e-04
-2.20966e-04
-2.20961e-04
-2.20955e-04
-2.20953e-04
-2.20950e-04
-2.20944e-04
-2.20939e-04
-2.20934e-04
-2.20928e-04
-2.20923e-04
-2.20917e-04
-2.20914e-04
-2.20912e-04
-2.20906e-04
-2.20901e-04
-2.20896e-04
-2.20890e-04
-2.20885e-04
-2.20879e-04
-2.20875e-04
-2.20874e-04
-2.20868e-04
-2.20863e-04
-2.20858e-04
-2.20852e-04
-2.20847e-04
-2.20842e-04
-2.20836e-04
-2.20836e-04
-2.20831e-04
-2.20825e-04
-2.20820e-04
-2.20815e-04
-2.20809e-04
-2.20804e-04
-2.20799e-04
-2.20798e-04
-2.20793e-04
-2.20788e-04
-2.20783e-04
-2.20777e-04
-2.20772e-04
-2.20767e-04
-2.20761e-04
-2.20760e-04
-2.20756e-04
-2.20751e-04
-2.20745e-04
-2.20740e-04
-2.20735e-04
-2.20729e-04
-2.20724e-04
-2.20721e-04
-2.20719e-04
-2.20713e-04
-2.20708e-04
-2.20703e-04
-2.20698e-04
-2.20692e-04
-2.20687e-04
-2.20683e-04
-2.20682e-04
-2.20677e-04
-2.20671e-04
-2.20666e-04
-2.20661e-04
-2.20655e-04
-2.20650e-04
-2.20646e-04
-2.20645e-04
-2.20640e-04
-2.20635e-04
-2.20629e-04
-2.20624e-04
-2.20619e-04
-2.20614e-04
-2.20608e-04
-2.20608e-04
-2.20603e-04
-2.20598e-04
-2.20593e-04
-2.20588e-04
-2.20582e-04
-2.20577e-04
-2.20572e-04
-2.20570e-04
-2.20567e-04
-2.20562e-04
-2.20556e-04
-2.20551e-04
-2.20546e-04
-2.20541e-04
-2.20536e-04
-2.20533e-04
-2.20531e-04
-2.20525e-04
-2.20520e-04
-2.20515e-04
-2.20510e-04
-2.20505e-04
-2.20500e-04
-2.20496e-04
-2.20495e-04
-2.20489e-04
-2.20484e-04
-2.20479e-04
-2.20474e-04
-2.20469e-04
-2.20464e-04
-2.20459e-04
-2.20459e-04
-2.20454e-04
-2.20448e-04
-2.20443e-04
-2.20438e-04
-2.20433e-04
-2.20428e-04
-2.20423e-04
-2.20422e-04
-2.20418e-04
-2.20413e-04
-2.20408e-04
-2.20403e-04
-2.20398e-04
-2.20393e-04
-2.20388e-04
-2.20385e-04
-2.20382e-04
-2.20377e-04
-2.20372e-04
-2.20367e-04
-2.20362e-04
-2.20357e-04
-2.20352e-04
-2.20349e-04
-2.20347e-04
-2.20342e-04
-2.20337e-04
-2.20332e-04
-2.20327e-04
-2.20322e-04
-2.20317e-04
-2.20312e-04
-2.20312e-04
-2.20307e-04
-2.20302e-04
-2.20297e-04
-2.20292e-04
-2.20287e-04
-2.20282e-04
-2.20277e-04
-2.20276e-04
-2.20272e-04
-2.20267e-04
-2.20262e-04
-2.20257e-04
-2.20252e-04
-2.20247e-04
-2.20242e-04
-2.20240e-04
-2.20237e-04
-2.20233e-04
-2.20228e-04
-2.20223e-04
-2.20218e-04
-2.20213e-04
-2.20208e-04
-2.20204e-04
-2.20203e-04
-2.20198e-04
-2.20193e-04
-2.20188e-04
-2.20183e-04
-2.20178e-04
-2.20173e-04
-2.20169e-04
-2.20169e-04
-2.20164e-04
-2.20159e-04
-2.20154e-04
-2.20149e-04
-2.20144e-04
-2.20139e-04
-2.20134e-04
-2.20133e-04
-2.20129e-04
-2.20125e-04
-2.20120e-04
-2.20115e-04
-2.20110e-04
-2.20105e-04
-2.20100e-04
-2.20098e-04
-2.20096e-04
-2.20091e-04
-2.20086e-04
-2.20081e-04
-2.20076e-04
-2.20071e-04
-2.20067e-04
-2.20063e-04
-2.20062e-04
-2.20057e-04
-2.20052e-04
-2.20047e-04
-2.20042e-04
-2.20038e-04
-2.20033e-04
-2.20028e-04
-2.20028e-04
-2.20023e-04
-2.20018e-04
-2.20014e-04
-2.20009e-04
-2.20004e-04
-2.19999e-04
-2.19995e-04
-2.19993e-04
-2.19990e-04
-2.19985e-04
-2.19980e-04
-2.19976e-04
-2.19971e-04
-2.19966e-04
-2.19961e-04
-2.19959e-04
-2.19957e-04
-2.19952e-04
-2.19947e-04
-2.19942e-04
-2.19938e-04
-2.19933e-04
-2.19928e-04
-2.19924e-04
-2.19923e-04
-2.19919e-04
-2.19914e-04
-2.19909e-04
-2.19905e-04
-2.19900e-04
-2.19895e-04
-2.19891e-04
-2.19890e-04
-2.19886e-04
-2.19881e-04
-2.19876e-04
-2.19872e-04
-2.19867e-04
-2.19862e-04
-2.19858e-04
-2.19856e-04
-2.19853e-04
-2.19848e-04
-2.19844e-04
-2.19839e-04
-2.19834e-04
-2.19830e-04
-2.19825e-04
-2.19822e-04
-2.19821e-04
-2.19816e-04
-2.19811e-04
-2.19807e-04
-2.19802e-04
-2.19797e-04
-2.19793e-04
-2.19788e-04
-2.19788e-04
-2.19784e-04
-2.19779e-04
-2.19774e-04
-2.19770e-04
-2.19765e-04
-2.19760e-04
-2.19756e-04
-2.19755e-04
-2.19751e-04
-2.19747e-04
-2.19742e-04
-2.19738e-04
-2.19733e-04
-2.19728e-04
-2.19724e-04
-2.19722e-04
-2.19719e-04
-2.19715e-04
-2.19710e-04
-2.19706e-04
-2.19701e-04
-2.19696e-04
-2.19692e-04
-2.19688e-04
-2.19687e-04
-2.19683e-04
-2.19678e-04
-2.19674e-04
-2.19669e-04
-2.19665e-04
-2.19660e-04
-2.19656e-04
-2.19655e-04
-2.19651e-04
-2.19647e-04
-2.19642e-04
-2.19638e-04
-2.19633e-04
-2.19629e-04
-2.19624e-04
-2.19623e-04
-2.19620e-04
-2.19615e-04
-2.19611e-04
-2.19606e-04
-2.19602e-04
-2.19597e-04
-2.19593e-04
-2.19590e-04
-2.19588e-04
-2.19584e-04
-2.19579e-04
-2.19575e-04
-2.19570e-04
-2.19566e-04
-2.19561e-04
-2.19557e-04
-2.19557e-04
-2.19552e-04
-2.19548e-04
-2.19544e-04
-2.19539e-04
-2.19535e-04
-2.19530e-04
-2.19526e-04
-2.19525e-04
-2.19521e-04
-2.19517e-04
-2.19513e-04
-2.19508e-04
-2.19504e-04
-2.19499e-04
-2.19495e-04
-2.19493e-04
-2.19491e-04
-2.19486e-04
-2.19482e-04
-2.19477e-04
-2.19473e-04
-2.19469e-04
-2.19464e-04
-2.19461e-04
-2.19460e-04
-2.19455e-04
-2.19451e-04
-2.19447e-04
-2.19442e-04
-2.19438e-04
-2.19434e-04
-2.19429e-04
-2.19429e-04
-2.19425e-04
-2.19420e-04
-2.19416e-04
-2.19412e-04
-2.19407e-04
-2.19403e-04
-2.19399e-04
-2.19398e-04
-2.19394e-04
-2.19390e-04
-2.19386e-04
-2.19381e-04
-2.19377e-04
-2.19373e-04
-2.19368e-04
-2.19366e-04
-2.19364e-04
-2.19360e-04
-2.19355e-04
-2.19351e-04
-2.19347e-04
-2.19343e-04
-2.19338e-04
-2.19335e-04
-2.19334e-04
-2.19330e-04
-2.19325e-04
-2.19321e-04
-2.19317e-04
-2.19312e-04
-2.19308e-04
-2.19304e-04
-2.19304e-04
-2.19300e-04
-2.19295e-04
-2.19291e-04
-2.19287e-04
-2.19283e-04
-2.19278e-04
-2.19274e-04
-2.19273e-04
-2.19270e-04
-2.19266e-04
-2.19261e-04
-2.19257e-04
-2.19253e-04
-2.19249e-04
-2.19244e-04
-2.19242e-04
-2.19240e-04
-2.19236e-04
-2.19232e-04
-2.19227e-04
-2.19223e-04
-2.19219e-04
-2.19215e-04
-2.19211e-04
-2.19211e-04
-2.19206e-04
-2.19202e-04
-2.19198e-04
-2.19194e-04
-2.19189e-04
-2.19185e-04
-2.19181e-04
-2.19181e-04
-2.19177e-04
-2.19173e-04
-2.19169e-04
-2.19164e-04
-2.19160e-04
-2.19156e-04
-2.19152e-04
-2.19150e-04
-2.19148e-04
-2.19143e-04
-2.19139e-04
-2.19135e-04
-2.19131e-04
-2.19127e-04
-2.19123e-04
-2.19120e-04
-2.19118e-04
-2.19114e-04
-2.19110e-04
-2.19106e-04
-2.19102e-04
-2.19098e-04
-2.19094e-04
-2.19090e-04
-2.19089e-04
-2.19085e-04
-2.19081e-04
-2.19077e-04
-2.19073e-04
-2.19069e-04
-2.19065e-04
-2.19061e-04
-2.19060e-04
-2.19056e-04
-2.19052e-04
-2.19048e-04
-2.19044e-04
-2.19040e-04
-2.19036e-04
-2.19032e-04
-2.19030e-04
-2.19028e-04
-2.19024e-04
-2.19019e-04
-2.19015e-04
-2.19011e-04
-2.19007e-04
-2.19003e-04
-2.19001e-04
-2.18999e-04
-2.18995e-04
-2.18991e-04
-2.18987e-04
-2.18983e-04
-2.18979e-04
-2.18975e-04
-2.18971e-04
-2.18971e-04
-2.18966e-04
-2.18962e-04
-2.18958e-04
-2.18954e-04
-2.18950e-04
-2.18946e-04
-2.18942e-04
-2.18942e-04
-2.18938e-04
-2.18934e-04
-2.18930e-04
-2.18926e-04
-2.18922e-04
-2.18918e-04
-2.18914e-04
-2.18913e-04
-2.18910e-04
-2.18906e-04
-2.18902e-04
-2.18898e-04
-2.18894e-04
-2.18890e-04
-2.18886e-04
-2.18884e-04
-2.18882e-04
-2.18878e-04
-2.18874e-04
-2.18870e-04
-2.18866e-04
-2.18862e-04
-2.18858e-04
-2.18855e-04
-2.18854e-04
-2.18850e-04
-2.18846e-04
-2.18842e-04
-2.18838e-04
-2.18834e-04
-2.18830e-04
-2.18826e-04
-2.18826e-04
-2.18822e-04
-2.18818e-04
-2.18814e-04
-2.18810e-04
-2.18806e-04
-2.18802e-04
-2.18798e-04
-2.18798e-04
-2.18794e-04
-2.18790e-04
-2.18786e-04
-2.18782e-04
-2.18778e-04
-2.18774e-04
-2.18770e-04
-2.18769e-04
-2.18766e-04
-2.18762e-04
-2.18758e-04
-2.18754e-04
-2.18750e-04
-2.18747e-04
-2.18743e-04
-2.18741e-04
-2.18739e-04
-2.18735e-04
-2.18731e-04
-2.18727e-04
-2.18723e-04
-2.18719e-04
-2.18715e-04
-2.18713e-04
-2.18711e-04
-2.18707e-04
-2.18703e-04
-2.18699e-04
-2.18696e-04
-2.18692e-04
-2.18688e-04
-2.18684e-04
-2.18684e-04
-2.18680e-04
-2.18676e-04
-2.18672e-04
-2.18668e-04
-2.18664e-04
-2.18660e-04
-2.18657e-04
-2.18656e-04
-2.18653e-04
-2.18649e-04
-2.18645e-04
-2.18641e-04
-2.18637e-04
-2.18633e-04
-2.18629e-04
-2.18629e-04
-2.18625e-04
-2.18622e-04
-2.18618e-04
-2.18614e-04
-2.18610e-04
-2.18606e-04
-2.18602e-04
-2.18601e-04
-2.18598e-04
-2.18594e-04
-2.18591e-04
-2.18587e-04
-2.18583e-04
-2.18579e-04
-2.18575e-04
-2.18573e-04
-2.18571e-04
-2.18568e-04
-2.18564e-04
-2.18560e-04
-2.18556e-04
-2.18552e-04
-2.18548e-04
-2.18546e-04
-2.18544e-04
-2.18541e-04
-2.18537e-04
-2.18533e-04
-2.18529e-04
-2.18525e-04
-2.18521e-04
-2.18518e-04
-2.18518e-04
-2.18514e-04
-2.18510e-04
-2.18506e-04
-2.18502e-04
-2.18499e-04
-2.18495e-04
-2.18491e-04
-2.18491e-04
-2.18487e-04
-2.18483e-04
-2.18479e-04
-2.18476e-04
-2.18472e-04
-2.18468e-04
-2.18464e-04
-2.18464e-04
-2.18460e-04
-2.18457e-04
-2.18453e-04
-2.18449e-04
-2.18445e-04
-2.18441e-04
-2.18438e-04
-2.18437e-04
-2.18434e-04
-2.18430e-04
-2.18426e-04
-2.18423e-04
-2.18419e-04
-2.18415e-04
-2.18411e-04
-2.18410e-04
-2.18407e-04
-2.18404e-04
-2.18400e-04
-2.18396e-04
-2.18392e-04
-2.18389e-04
-2.18385e-04
-2.18383e-04
-2.18381e-04
-2.18377e-04
-2.18373e-04
-2.18370e-04
-2.18366e-04
-2.18362e-04
-2.18358e-04
-2.18357e-04
-2.18355e-04
-2.18351e-04
-2.18347e-04
-2.18343e-04
-2.18340e-04
-2.18336e-04
-2.18332e-04
-2.18330e-04
-2.18328e-04
-2.18325e-04
-2.18321e-04
-2.18317e-04
-2.18313e-04
-2.18310e-04
-2.18306e-04
-2.18304e-04
-2.18302e-04
-2.18298e-04
-2.18295e-04
-2.18291e-04
-2.18287e-04
-2.18284e-04
-2.18280e-04
-2.18277e-04
-2.18276e-04
-2.18272e-04
-2.18269e-04
-2.18265e-04
-2.18261e-04
-2.18257e-04
-2.18254e-04
-2.18251e-04
-2.18250e-04
-2.18246e-04
-2.18243e-04
-2.18239e-04
-2.18235e-04
-2.18231e-04
-2.18228e-04
-2.18225e-04
-2.18224e-04
-2.18220e-04
-2.18217e-04
-2.18213e-04
-2.18209e-04
-2.18205e-04
-2.18202e-04
-2.18198e-04
-2.18198e-04
-2.18194e-04
-2.18191e-04
-2.18187e-04
-2.18183e-04
-2.18180e-04
-2.18176e-04
-2.18172e-04
-2.18172e-04
-2.18168e-04
-2.18165e-04
-2.18161e-04
-2.18157e-04
-2.18154e-04
-2.18150e-04
-2.18146e-04
-2.18146e-04
-2.18143e-04
-2.18139e-04
-2.18135e-04
-2.18132e-04
-2.18128e-04
-2.18124e-04
-2.18121e-04
-2.18121e-04
-2.18117e-04
-2.18113e-04
-2.18110e-04
-2.18106e-04
-2.18102e-04
-2.18099e-04
-2.18095e-04
-2.18095e-04
-2.18091e-04
-2.18088e-04
-2.18084e-04
-2.18080e-04
-2.18076e-04
-2.18073e-04
-2.18069e-04
-2.18069e-04
-2.18066e-04
-2.18062e-04
-2.18058e-04
-2.18055e-04
-2.18051e-04
-2.18047e-04
-2.18044e-04
-2.18044e-04
-2.18040e-04
-2.18036e-04
-2.18033e-04
-2.18029e-04
-2.18025e-04
-2.18022e-04
-2.18018e-04
-2.18018e-04
-2.18014e-04
-2.18011e-04
-2.18007e-04
-2.18003e-04
-2.18000e-04
-2.17996e-04
-2.17993e-04
-2.17992e-04
-2.17989e-04
-2.17985e-04
-2.17981e-04
-2.17978e-04
-2.17974e-04
-2.17971e-04
-2.17967e-04
-2.17967e-04
-2.17963e-04
-2.17960e-04
-2.17956e-04
-2.17952e-04
-2.17949e-04
-2.17945e-04
-2.17942e-04
-2.17941e-04
-2.17938e-04
-2.17934e-04
-2.17931e-04
-2.17927e-04
-2.17923e-04
-2.17920e-04
-2.17917e-04
-2.17916e-04
-2.17912e-04
-2.17909e-04
-2.17905e-04
-2.17901e-04
-2.17898e-04
-2.17894e-04
-2.17892e-04
-2.17891e-04
-2.17887e-04
-2.17883e-04
-2.17880e-04
-2.17876e-04
-2.17872e-04
-2.17869e-04
-2.17866e-04
-2.17865e-04
-2.17862e-04
-2.17858e-04
-2.17854e-04
-2.17851e-04
-2.17847e-04
-2.17844e-04
-2.17841e-04
-2.17840e-04
-2.17836e-04
-2.17833e-04
-2.17829e-04
-2.17825e-04
-2.17822e-04
-2.17818e-04
-2.17816e-04
-2.17815e-04
-2.17811e-04
-2.17807e-04
-2.17804e-04
-2.17800e-04
-2.17797e-04
-2.17793e-04
-2.17791e-04
-2.17789e-04
-2.17786e-04
-2.17782e-04
-2.17778e-04
-2.17775e-04
-2.17771e-04
-2.17768e-04
-2.17767e-04
-2.17764e-04
-2.17760e-04
-2.17757e-04
-2.17753e-04
-2.17750e-04
-2.17746e-04
-2.17742e-04
-2.17742e-04
-2.17739e-04
-2.17735e-04
-2.17732e-04
-2.17728e-04
-2.17724e-04
-2.17721e-04
-2.17717e-04
-2.17717e-04
-2.17714e-04
-2.17710e-04
-2.17706e-04
-2.17703e-04
-2.17699e-04
-2.17696e-04
-2.17692e-04
-2.17692e-04
-2.17688e-04
-2.17685e-04
-2.17681e-04
-2.17678e-04
-2.17674e-04
-2.17670e-04
-2.17668e-04
-2.17667e-04
-2.17663e-04
-2.17660e-04
-2.17656e-04
-2.17652e-04
-2.17649e-04
-2.17645e-04
-2.17643e-04
-2.17642e-04
-2.17638e-04
-2.17634e-04
-2.17631e-04
-2.17627e-04
-2.17624e-04
-2.17620e-04
-2.17619e-04
-2.17616e-04
-2.17613e-04
-2.17609e-04
-2.17606e-04
-2.17602e-04
-2.17598e-04
-2.17595e-04
-2.17594e-04
-2.17591e-04
-2.17588e-04
-2.17584e-04
-2.17580e-04
-2.17577e-04
-2.17573e-04
-2.17570e-04
-2.17570e-04
-2.17566e-04
-2.17562e-04
-2.17559e-04
-2.17555e-04
-2.17552e-04
-2.17548e-04
-2.17545e-04
-2.17545e-04
-2.17541e-04
-2.17537e-04
-2.17534e-04
-2.17530e-04
-2.17527e-04
-2.17523e-04
-2.17521e-04
-2.17519e-04
-2.17516e-04
-2.17512e-04
-2.17509e-04
-2.17505e-04
-2.17501e-04
-2.17498e-04
-2.17497e-04
-2.17494e-04
-2.17491e-04
-2.17487e-04
-2.17483e-04
-2.17480e-04
-2.17476e-04
-2.17473e-04
-2.17473e-04
-2.17469e-04
-2.17465e-04
-2.17462e-04
-2.17458e-04
-2.17455e-04
-2.17451e-04
-2.17448e-04
-2.17447e-04
-2.17444e-04
-2.17440e-04
-2.17437e-04
-2.17433e-04
-2.17429e-04
-2.17426e-04
-2.17424e-04
-2.17422e-04
-2.17419e-04
-2.17415e-04
-2.17411e-04
-2.17408e-04
-2.17404e-04
-2.17401e-04
-2.17400e-04
-2.17397e-04
-2.17393e-04
-2.17390e-04
-2.17386e-04
-2.17383e-04
-2.17379e-04
-2.17376e-04
-2.17375e-04
-2.17372e-04
-2.17368e-04
-2.17365e-04
-2.17361e-04
-2.17357e-04
-2.17354e-04
-2.17352e-04
-2.17350e-04
-2.17347e-04
-2.17343e-04
-2.17339e-04
-2.17336e-04
-2.17332e-04
-2.17329e-04
-2.17328e-04
-2.17325e-04
-2.17321e-04
-2.17318e-04
-2.17314e-04
-2.17311e-04
-2.17307e-04
-2.17304e-04
-2.17303e-04
-2.17300e-04
-2.17296e-04
-2.17293e-04
-2.17289e-04
-2.17285e-04
-2.17282e-04
-2.17280e-04
-2.17278e-04
-2.17275e-04
-2.17271e-04
-2.17267e-04
-2.17264e-04
-2.17260e-04
-2.17256e-04
-2.17256e-04
-2.17253e-04
-2.17249e-04
-2.17246e-04
-2.17242e-04
-2.17238e-04
-2.17235e-04
-2.17232e-04
-2.17231e-04
-2.17228e-04
-2.17224e-04
-2.17220e-04
-2.17217e-04
-2.17213e-04
-2.17209e-04
-2.17208e-04
-2.17206e-04
-2.17202e-04
-2.17199e-04
-2.17195e-04
-2.17191e-04
-2.17188e-04
-2.17184e-04
-2.17184e-04
-2.17180e-04
-2.17177e-04
-2.17173e-04
-2.17170e-04
-2.17166e-04
-2.17162e-04
-2.17160e-04
-2.17159e-04
-2.17155e-04
-2.17151e-04
-2.17148e-04
-2.17144e-04
-2.17141e-04
-2.17137e-04
-2.17136e-04
-2.17133e-04
-2.17130e-04
-2.17126e-04
-2.17122e-04
-2.17119e-04
-2.17115e-04
-2.17112e-04
-2.17111e-04
-2.17108e-04
-2.17104e-04
-2.17101e-04
-2.17097e-04
-2.17093e-04
-2.17090e-04
-2.17088e-04
-2.17086e-04
-2.17082e-04
-2.17079e-04
-2.17075e-04
-2.17071e-04
-2.17068e-04
-2.17064e-04
-2.17064e-04
-2.17060e-04
-2.17057e-04
-2.17053e-04
-2.17049e-04
-2.17046e-04
-2.17042e-04
-2.17040e-04
-2.17038e-04
-2.17035e-04
-2.17031e-04
-2.17028e-04
-2.17024e-04
-2.17020e-04
-2.17017e-04
-2.17017e-04
-2.17013e-04
-2.17009e-04
-2.17006e-04
-2.17002e-04
-2.16998e-04
-2.16995e-04
-2.16993e-04
-2.16991e-04
-2.16987e-04
-2.16984e-04
-2.16980e-04
-2.16976e-04
-2.16973e-04
-2.16969e-04
-2.16969e-04
-2.16965e-04
-2.16961e-04
-2.16958e-04
-2.16954e-04
-2.16950e-04
-2.16947e-04
-2.16945e-04
-2.16943e-04
-2.16939e-04
-2.16936e-04
-2.16932e-04
-2.16928e-04
-2.16925e-04
-2.16921e-04
-2.16921e-04
-2.16917e-04
-2.16914e-04
-2.16910e-04
-2.16906e-04
-2.16903e-04
-2.16899e-04
-2.16897e-04
-2.16895e-04
-2.16891e-04
-2.16888e-04
-2.16884e-04
-2.16880e-04
-2.16877e-04
-2.16874e-04
-2.16873e-04
-2.16869e-04
-2.16866e-04
-2.16862e-04
-2.16858e-04
-2.16854e-04
-2.16851e-04
-2.16850e-04
-2.16847e-04
-2.16843e-04
-2.16840e-04
-2.16836e-04
-2.16832e-04
-2.16828e-04
-2.16826e-04
-2.16825e-04
-2.16821e-04
-2.16817e-04
-2.16814e-04
-2.16810e-04
-2.16806e-04
-2.16802e-04
-2.16802e-04
-2.16799e-04
-2.16795e-04
-2.16791e-04
-2.16787e-04
-2.16784e-04
-2.16780e-04
-2.16778e-04
-2.16776e-04
-2.16773e-04
-2.16769e-04
-2.16765e-04
-2.16761e-04
-2.16758e-04
-2.16754e-04
-2.16754e-04
-2.16750e-04
-2.16746e-04
-2.16743e-04
-2.16739e-04
-2.16735e-04
-2.16731e-04
-2.16731e-04
-2.16728e-04
-2.16724e-04
-2.16720e-04
-2.16716e-04
-2.16713e-04
-2.16709e-04
-2.16707e-04
-2.16705e-04
-2.16701e-04
-2.16698e-04
-2.16694e-04
-2.16690e-04
-2.16686e-04
-2.16683e-04
-2.16683e-04
-2.16679e-04
-2.16675e-04
-2.16671e-04
-2.16667e-04
-2.16664e-04
-2.16660e-04
-2.16659e-04
-2.16656e-04
-2.16652e-04
-2.16649e-04
-2.16645e-04
-2.16641e-04
-2.16637e-04
-2.16635e-04
-2.16633e-04
-2.16630e-04
-2.16626e-04
-2.16622e-04
-2.16618e-04
-2.16614e-04
-2.16611e-04
-2.16611e-04
-2.16607e-04
-2.16603e-04
-2.16599e-04
-2.16595e-04
-2.16592e-04
-2.16588e-04
-2.16587e-04
-2.16584e-04
-2.16580e-04
-2.16576e-04
-2.16573e-04
-2.16569e-04
-2.16565e-04
-2.16564e-04
-2.16561e-04
-2.16557e-04
-2.16553e-04
-2.16550e-04
-2.16546e-04
-2.16542e-04
-2.16540e-04
-2.16538e-04
-2.16534e-04
-2.16531e-04
-2.16527e-04
-2.16523e-04
-2.16519e-04
-2.16516e-04
-2.16515e-04
-2.16511e-04
-2.16508e-04
-2.16504e-04
-2.16500e-04
-2.16496e-04
-2.16492e-04
-2.16492e-04
-2.16488e-04
-2.16484e-04
-2.16481e-04
-2.16477e-04
-2.16473e-04
-2.16469e-04
-2.16468e-04
-2.16465e-04
-2.16461e-04
-2.16457e-04
-2.16454e-04
-2.16450e-04
-2.16446e-04
-2.16444e-04
-2.16442e-04
-2.16438e-04
-2.16434e-04
-2.16430e-04
-2.16426e-04
-2.16423e-04
-2.16420e-04
-2.16419e-04
-2.16415e-04
-2.16411e-04
-2.16407e-04
-2.16403e-04
-2.16399e-04
-2.16396e-04
-2.16395e-04
-2.16391e-04
-2.16388e-04
-2.16384e-04
-2.16380e-04
-2.16376e-04
-2.16372e-04
-2.16372e-04
-2.16368e-04
-2.16364e-04
-2.16360e-04
-2.16356e-04
-2.16352e-04
-2.16348e-04
-2.16348e-04
-2.16344e-04
-2.16341e-04
-2.16337e-04
-2.16333e-04
-2.16329e-04
-2.16325e-04
-2.16324e-04
-2.16321e-04
-2.16317e-04
-2.16313e-04
-2.16309e-04
-2.16305e-04
-2.16301e-04
-2.16299e-04
-2.16297e-04
-2.16293e-04
-2.16289e-04
-2.16285e-04
-2.16281e-04
-2.16277e-04
-2.16275e-04
-2.16274e-04
-2.16270e-04
-2.16266e-04
-2.16262e-04
-2.16258e-04
-2.16254e-04
-2.16251e-04
-2.16250e-04
-2.16246e-04
-2.16242e-04
-2.16238e-04
-2.16234e-04
-2.16230e-04
-2.16227e-04
-2.16226e-04
-2.16222e-04
-2.16218e-04
-2.16214e-04
-2.16210e-04
-2.16206e-04
-2.16203e-04
-2.16202e-04
-2.16198e-04
-2.16194e-04
-2.16190e-04
-2.16186e-04
-2.16182e-04
-2.16178e-04
-2.16178e-04
-2.16174e-04
-2.16170e-04
-2.16166e-04
-2.16162e-04
-2.16158e-04
-2.16154e-04
-2.16154e-04
-2.16150e-04
-2.16146e-04
-2.16142e-04
-2.16138e-04
-2.16134e-04
-2.16130e-04
-2.16130e-04
-2.16125e-04
-2.16121e-04
-2.16117e-04
-2.16113e-04
-2.16109e-04
-2.16106e-04
-2.16105e-04
-2.16101e-04
-2.16097e-04
-2.16093e-04
-2.16089e-04
-2.16085e-04
-2.16081e-04
-2.16081e-04
-2.16077e-04
-2.16073e-04
-2.16067e-04
