SF_Version 0.9.3
19-Aug-2024 12:36:46
Temp(K) Pressure(MPa) Temp(K) Pressure(MPa)  Points 
258.1601 495.0000 228.2842 100.0000 1090.0000
###########################################################
D H (J/kg)  D S (J/(K*kg)
-53835.1088 -208.5338
-53833.2475 -208.5493
-53831.3804 -208.5647
-53831.1169 -208.5669
-53829.5070 -208.5802
-53827.6277 -208.5956
-53825.7426 -208.6111
-53824.4304 -208.6218
-53823.8515 -208.6265
-53821.9542 -208.6420
-53820.0511 -208.6575
-53818.1422 -208.6729
-53817.6882 -208.6766
-53816.2271 -208.6884
-53814.3060 -208.7038
-53812.3791 -208.7193
-53810.8908 -208.7311
-53810.4463 -208.7347
-53808.5072 -208.7501
-53806.5623 -208.7656
-53804.6116 -208.7810
-53804.0386 -208.7856
-53802.6547 -208.7965
-53800.6918 -208.8119
-53798.7231 -208.8274
-53797.1320 -208.8398
-53796.7484 -208.8428
-53794.7675 -208.8582
-53792.7808 -208.8737
-53790.7882 -208.8891
-53790.1715 -208.8939
-53788.7894 -208.9045
-53786.7846 -208.9200
-53784.7740 -208.9354
-53783.1576 -208.9478
-53782.7575 -208.9508
-53780.7346 -208.9663
-53778.7060 -208.9817
-53776.6715 -208.9971
-53776.0904 -209.0015
-53774.6307 -209.0125
-53772.5840 -209.0280
-53770.5314 -209.0434
-53768.9706 -209.0551
-53768.4729 -209.0588
-53766.4081 -209.0742
-53764.3374 -209.0897
-53762.2609 -209.1051
-53761.7985 -209.1085
-53760.1782 -209.1205
-53758.0894 -209.1359
-53755.9948 -209.1513
-53754.5744 -209.1618
-53753.8942 -209.1668
-53751.7873 -209.1822
-53749.6746 -209.1976
-53747.5560 -209.2130
-53747.2988 -209.2149
-53745.4311 -209.2284
-53743.3003 -209.2438
-53741.1635 -209.2592
-53739.9719 -209.2678
-53739.0207 -209.2746
-53736.8717 -209.2900
-53734.7168 -209.3055
-53732.5942 -209.3206
-53732.5561 -209.3209
-53730.3889 -209.3363
-53728.2158 -209.3517
-53726.0369 -209.3671
-53725.1659 -209.3732
-53723.8517 -209.3825
-53721.6605 -209.3979
-53719.4634 -209.4133
-53717.6875 -209.4257
-53717.2602 -209.4287
-53715.0508 -209.4441
-53712.8354 -209.4595
-53710.6142 -209.4749
-53710.1592 -209.4780
-53708.3866 -209.4902
-53706.1530 -209.5056
-53703.9135 -209.5210
-53702.5813 -209.5302
-53701.6678 -209.5364
-53699.4160 -209.5518
-53697.1582 -209.5672
-53694.9543 -209.5822
-53694.8945 -209.5826
-53692.6243 -209.5980
-53690.3483 -209.6134
-53688.0663 -209.6287
-53687.2783 -209.6340
-53685.7780 -209.6441
-53683.4837 -209.6595
-53681.1833 -209.6749
-53679.5538 -209.6858
-53678.8769 -209.6903
-53676.5642 -209.7056
-53674.2456 -209.7210
-53671.9210 -209.7364
-53671.7810 -209.7373
-53669.5899 -209.7518
-53667.2529 -209.7671
-53664.9099 -209.7825
-53663.9601 -209.7887
-53662.5607 -209.7979
-53660.2053 -209.8133
-53657.8439 -209.8286
-53656.0916 -209.8400
-53655.4764 -209.8440
-53653.1026 -209.8594
-53650.7228 -209.8747
-53648.3370 -209.8901
-53648.1756 -209.8911
-53645.9448 -209.9055
-53643.5465 -209.9208
-53641.1423 -209.9362
-53640.2124 -209.9421
-53638.7318 -209.9516
-53636.3150 -209.9669
-53633.8923 -209.9823
-53632.2023 -209.9930
-53631.4634 -209.9976
-53629.0282 -210.0130
-53626.5870 -210.0283
-53624.1457 -210.0437
-53624.1397 -210.0437
-53621.6860 -210.0590
-53619.2262 -210.0744
-53616.7604 -210.0897
-53616.0425 -210.0942
-53614.2882 -210.1051
-53611.8099 -210.1204
-53609.3255 -210.1358
-53607.8933 -210.1446
-53606.8349 -210.1511
-53604.3379 -210.1665
-53601.8349 -210.1818
-53599.6982 -210.1949
-53599.3258 -210.1972
-53596.8103 -210.2125
-53594.2886 -210.2278
-53591.7610 -210.2432
-53591.4575 -210.2450
-53589.2268 -210.2585
-53586.6865 -210.2739
-53584.1401 -210.2892
-53583.1714 -210.2950
-53581.5874 -210.3045
-53579.0284 -210.3199
-53576.4634 -210.3352
-53574.8401 -210.3449
-53573.8920 -210.3505
-53571.3143 -210.3659
-53568.7305 -210.3812
-53566.4640 -210.3946
-53566.1406 -210.3965
-53563.5441 -210.4118
-53560.9415 -210.4272
-53558.3328 -210.4425
-53558.0431 -210.4442
-53555.7176 -210.4578
-53553.0962 -210.4731
-53550.4687 -210.4884
-53549.5777 -210.4936
-53547.8348 -210.5038
-53545.1945 -210.5191
-53542.5482 -210.5344
-53541.0680 -210.5429
-53539.8955 -210.5497
-53537.2364 -210.5650
-53534.5712 -210.5803
-53532.5143 -210.5921
-53531.8997 -210.5956
-53529.2217 -210.6109
-53526.5375 -210.6262
-53523.9169 -210.6412
-53523.8472 -210.6415
-53521.1503 -210.6569
-53518.4472 -210.6722
-53515.7379 -210.6875
-53515.2757 -210.6901
-53513.0221 -210.7028
-53510.2999 -210.7181
-53507.5717 -210.7333
-53506.5910 -210.7388
-53504.8369 -210.7486
-53502.0958 -210.7639
-53499.3485 -210.7792
-53497.8632 -210.7875
-53496.5948 -210.7945
-53493.8346 -210.8098
-53491.0682 -210.8251
-53489.0923 -210.8360
-53488.2955 -210.8404
-53485.5162 -210.8557
-53482.7307 -210.8710
-53480.2786 -210.8844
-53479.9390 -210.8862
-53477.1406 -210.9015
-53474.3359 -210.9168
-53471.5251 -210.9321
-53471.4223 -210.9326
-53468.7075 -210.9473
-53465.8837 -210.9626
-53463.0536 -210.9779
-53462.5234 -210.9808
-53460.2169 -210.9932
-53457.3738 -211.0084
-53454.5246 -211.0237
-53453.5822 -211.0287
-53451.6687 -211.0390
-53448.8063 -211.0542
-53445.9378 -211.0695
-53444.5989 -211.0766
-53443.0627 -211.0848
-53440.1810 -211.1000
-53437.2932 -211.1153
-53435.5737 -211.1243
-53434.3988 -211.1305
-53431.4978 -211.1458
-53428.5906 -211.1611
-53426.5068 -211.1720
-53425.6769 -211.1763
-53422.7565 -211.1916
-53419.8299 -211.2068
-53417.3982 -211.2194
-53416.8969 -211.2221
-53413.9571 -211.2373
-53411.0110 -211.2525
-53408.2482 -211.2668
-53408.0586 -211.2678
-53405.0993 -211.2830
-53402.1338 -211.2983
-53399.1619 -211.3135
-53399.0569 -211.3140
-53396.1832 -211.3287
-53393.1981 -211.3440
-53390.2067 -211.3592
-53389.8246 -211.3611
-53387.2085 -211.3744
-53384.2038 -211.3897
-53381.1929 -211.4049
-53380.5512 -211.4081
-53378.1751 -211.4201
-53375.1508 -211.4353
-53372.1202 -211.4506
-53371.2371 -211.4550
-53369.0829 -211.4658
-53366.0390 -211.4810
-53362.9887 -211.4962
-53361.8824 -211.5017
-53359.9317 -211.5114
-53356.8681 -211.5266
-53353.7982 -211.5418
-53352.4872 -211.5483
-53350.7215 -211.5570
-53347.6382 -211.5723
-53344.5485 -211.5875
-53343.0517 -211.5948
-53341.4520 -211.6027
-53338.3489 -211.6179
-53335.2395 -211.6331
-53333.5760 -211.6412
-53332.1233 -211.6483
-53329.0004 -211.6634
-53325.8710 -211.6786
-53324.0602 -211.6874
-53322.7350 -211.6938
-53319.5922 -211.7090
-53316.4430 -211.7242
-53314.5046 -211.7335
-53313.2872 -211.7394
-53310.1245 -211.7546
-53306.9554 -211.7698
-53304.9093 -211.7795
-53303.7796 -211.7849
-53300.5969 -211.8001
-53297.4078 -211.8153
-53295.2743 -211.8254
-53294.2121 -211.8305
-53291.0095 -211.8456
-53287.8004 -211.8608
-53285.5999 -211.8712
-53284.5846 -211.8760
-53281.3619 -211.8911
-53278.1328 -211.9063
-53275.8862 -211.9168
-53274.8969 -211.9214
-53271.6542 -211.9366
-53268.4049 -211.9518
-53266.1333 -211.9623
-53265.1490 -211.9669
-53261.8861 -211.9821
-53258.6167 -211.9972
-53256.3414 -212.0077
-53255.3406 -212.0124
-53252.0576 -212.0275
-53248.7680 -212.0426
-53246.5105 -212.0530
-53245.4717 -212.0578
-53242.1684 -212.0729
-53238.8586 -212.0880
-53236.6409 -212.0982
-53235.5420 -212.1032
-53232.2185 -212.1183
-53228.8884 -212.1334
-53226.7326 -212.1432
-53225.5515 -212.1486
-53222.2077 -212.1637
-53218.8573 -212.1788
-53216.7859 -212.1881
-53215.5001 -212.1939
-53212.1359 -212.2090
-53208.7651 -212.2242
-53206.8008 -212.2329
-53205.3875 -212.2393
-53202.0029 -212.2544
-53198.6117 -212.2695
-53196.7774 -212.2776
-53195.2136 -212.2846
-53191.8086 -212.2997
-53188.3969 -212.3148
-53186.7159 -212.3222
-53184.9784 -212.3299
-53181.5528 -212.3450
-53178.1207 -212.3601
-53176.6165 -212.3667
-53174.6816 -212.3752
-53171.2355 -212.3903
-53167.7828 -212.4053
-53166.4791 -212.4110
-53164.3231 -212.4204
-53160.8565 -212.4355
-53157.3832 -212.4506
-53156.3041 -212.4552
-53153.9028 -212.4656
-53150.4156 -212.4807
-53146.9217 -212.4958
-53146.0915 -212.4994
-53143.4206 -212.5109
-53139.9127 -212.5259
-53136.3981 -212.5410
-53135.8414 -212.5434
-53132.8763 -212.5560
-53129.3477 -212.5711
-53125.8124 -212.5862
-53125.5540 -212.5872
-53122.2698 -212.6012
-53118.7204 -212.6162
-53115.2293 -212.6310
-53115.1643 -212.6313
-53111.6009 -212.6463
-53108.0307 -212.6614
-53104.8676 -212.6747
-53104.4538 -212.6764
-53100.8695 -212.6915
-53097.2785 -212.7065
-53094.4689 -212.7182
-53093.6807 -212.7215
-53090.0755 -212.7365
-53086.4636 -212.7516
-53084.0334 -212.7617
-53082.8448 -212.7666
-53079.2188 -212.7816
-53075.5860 -212.7966
-53073.5611 -212.8050
-53071.9461 -212.8116
-53068.2991 -212.8266
-53064.6453 -212.8416
-53063.0523 -212.8482
-53060.9844 -212.8567
-53057.3164 -212.8717
-53053.6416 -212.8867
-53052.5070 -212.8913
-53049.9596 -212.9017
-53046.2706 -212.9166
-53042.5747 -212.9316
-53041.9254 -212.9343
-53038.8715 -212.9466
-53035.1614 -212.9616
-53031.4445 -212.9766
-53031.3076 -212.9771
-53027.7201 -212.9916
-53023.9889 -213.0065
-53020.6537 -213.0199
-53020.2507 -213.0215
-53016.5051 -213.0365
-53012.7527 -213.0515
-53009.9638 -213.0626
-53008.9933 -213.0664
-53005.2266 -213.0814
-53001.4529 -213.0963
-52999.2381 -213.1051
-52997.6722 -213.1113
-52993.8842 -213.1262
-52990.0893 -213.1412
-52988.4767 -213.1475
-52986.2872 -213.1561
-52982.4780 -213.1711
-52978.6618 -213.1860
-52977.6797 -213.1899
-52974.8383 -213.2010
-52971.0077 -213.2159
-52967.1702 -213.2308
-52966.8473 -213.2321
-52963.3252 -213.2457
-52959.4733 -213.2607
-52955.9795 -213.2742
-52955.6144 -213.2756
-52951.7479 -213.2905
-52947.8746 -213.3054
-52945.0765 -213.3162
-52943.9942 -213.3203
-52940.1063 -213.3352
-52936.2116 -213.3502
-52934.1385 -213.3581
-52932.3095 -213.3651
-52928.4002 -213.3800
-52924.4840 -213.3949
-52923.1655 -213.3999
-52920.5603 -213.4097
-52916.6295 -213.4246
-52912.6918 -213.4395
-52912.1576 -213.4415
-52908.7465 -213.4544
-52904.7942 -213.4693
-52901.1151 -213.4831
-52900.8348 -213.4842
-52896.8679 -213.4990
-52892.8939 -213.5139
-52890.0380 -213.5246
-52888.9129 -213.5288
-52884.9243 -213.5436
-52880.9288 -213.5585
-52878.9265 -213.5659
-52876.9259 -213.5734
-52872.9158 -213.5882
-52868.8986 -213.6031
-52867.7806 -213.6072
-52864.8739 -213.6179
-52860.8421 -213.6328
-52856.8032 -213.6476
-52856.6006 -213.6483
-52852.7567 -213.6624
-52848.7031 -213.6773
-52845.3865 -213.6894
-52844.6424 -213.6921
-52840.5742 -213.7069
-52836.4989 -213.7218
-52834.1384 -213.7303
-52832.4162 -213.7366
-52828.3262 -213.7514
-52824.2291 -213.7662
-52822.8566 -213.7712
-52820.1246 -213.7810
-52816.0127 -213.7958
-52811.8938 -213.8106
-52811.5411 -213.8119
-52807.7673 -213.8254
-52803.6336 -213.8402
-52800.1920 -213.8525
-52799.4927 -213.8550
-52795.3443 -213.8698
-52791.1887 -213.8846
-52788.8096 -213.8931
-52787.0258 -213.8994
-52782.8555 -213.9142
-52778.6780 -213.9290
-52777.3938 -213.9335
-52774.4930 -213.9437
-52770.3007 -213.9585
-52766.1014 -213.9733
-52765.9449 -213.9738
-52761.8942 -213.9880
-52757.6800 -214.0028
-52754.4630 -214.0140
-52753.4585 -214.0176
-52749.2294 -214.0323
-52744.9932 -214.0471
-52742.9482 -214.0542
-52740.7495 -214.0618
-52736.4984 -214.0766
-52732.2401 -214.0913
-52731.4006 -214.0942
-52727.9742 -214.1060
-52723.7011 -214.1208
-52719.8204 -214.1341
-52719.4207 -214.1355
-52715.1326 -214.1502
-52710.8374 -214.1649
-52708.2077 -214.1739
-52706.5348 -214.1797
-52702.2246 -214.1944
-52697.9073 -214.2091
-52696.5626 -214.2137
-52693.5824 -214.2238
-52689.2501 -214.2385
-52684.9107 -214.2532
-52684.8852 -214.2533
-52680.5634 -214.2679
-52676.2089 -214.2826
-52673.1758 -214.2928
-52671.8471 -214.2973
-52667.4777 -214.3120
-52663.1011 -214.3267
-52661.4344 -214.3322
-52658.7169 -214.3413
-52654.3252 -214.3560
-52649.9265 -214.3707
-52649.6611 -214.3716
-52645.5198 -214.3854
-52641.1060 -214.4000
-52637.8562 -214.4108
-52636.6847 -214.4147
-52632.2558 -214.4294
-52627.8197 -214.4440
-52626.0197 -214.4500
-52623.3760 -214.4587
-52618.9248 -214.4733
-52614.4665 -214.4880
-52614.1516 -214.4890
-52610.0003 -214.5026
-52605.5268 -214.5172
-52602.2523 -214.5279
-52601.0459 -214.5319
-52596.5574 -214.5465
-52592.0616 -214.5611
-52590.3217 -214.5668
-52587.5581 -214.5758
-52583.0472 -214.5904
-52578.5291 -214.6050
-52578.3600 -214.6056
-52574.0031 -214.6196
-52569.4698 -214.6342
-52566.3675 -214.6442
-52564.9291 -214.6488
-52560.3806 -214.6634
-52555.8250 -214.6780
-52554.3441 -214.6828
-52551.2616 -214.6926
-52546.6907 -214.7072
-52542.2899 -214.7212
-52542.1126 -214.7218
-52537.5266 -214.7364
-52532.9333 -214.7510
-52530.2053 -214.7596
-52528.3325 -214.7656
-52523.7240 -214.7801
-52519.1083 -214.7947
-52518.0901 -214.7979
-52514.4847 -214.8093
-52509.8537 -214.8238
-52505.9447 -214.8361
-52505.2154 -214.8384
-52500.5692 -214.8529
-52495.9157 -214.8675
-52493.7690 -214.8742
-52491.2546 -214.8821
-52486.5858 -214.8966
-52481.9099 -214.9111
-52481.5632 -214.9122
-52477.2259 -214.9257
-52472.5346 -214.9402
-52469.3275 -214.9501
-52467.8358 -214.9547
-52463.1292 -214.9693
-52458.4154 -214.9838
-52457.0620 -214.9880
-52453.6937 -214.9983
-52448.9645 -215.0128
-52444.7666 -215.0257
-52444.2280 -215.0273
-52439.4835 -215.0418
-52434.7317 -215.0564
-52432.4417 -215.0633
-52429.9722 -215.0709
-52425.2051 -215.0854
-52420.4307 -215.0998
-52420.0873 -215.1009
-52415.6482 -215.1143
-52410.8584 -215.1288
-52407.7035 -215.1384
-52406.0610 -215.1433
-52401.2558 -215.1578
-52396.4434 -215.1723
-52395.2904 -215.1757
-52391.6230 -215.1867
-52386.7951 -215.2012
-52382.8482 -215.2130
-52381.9597 -215.2157
-52377.1164 -215.2301
-52372.2657 -215.2446
-52370.3769 -215.2502
-52367.4073 -215.2590
-52362.5412 -215.2735
-52357.8766 -215.2873
-52357.6678 -215.2879
-52352.7862 -215.3024
-52347.8974 -215.3168
-52345.3475 -215.3243
-52343.0008 -215.3313
-52338.0965 -215.3457
-52333.1848 -215.3601
-52332.7897 -215.3613
-52328.2650 -215.3745
-52323.3378 -215.3890
-52320.2032 -215.3981
-52318.4030 -215.4034
-52313.4603 -215.4178
-52308.5103 -215.4322
-52307.5882 -215.4349
-52303.5522 -215.4466
-52298.5866 -215.4610
-52294.9448 -215.4715
-52293.6135 -215.4754
-52288.6323 -215.4898
-52283.6438 -215.5042
-52282.2731 -215.5081
-52278.6474 -215.5186
-52273.6433 -215.5330
-52269.5731 -215.5446
-52268.6317 -215.5473
-52263.6120 -215.5617
-52258.5850 -215.5761
-52256.8450 -215.5810
-52253.5500 -215.5904
-52248.5074 -215.6048
-52244.0888 -215.6174
-52243.4572 -215.6192
-52238.3989 -215.6335
-52233.3333 -215.6479
-52231.3048 -215.6536
-52228.2597 -215.6622
-52223.1784 -215.6766
-52218.4928 -215.6898
-52218.0896 -215.6909
-52212.9926 -215.7052
-52207.8882 -215.7196
-52205.6532 -215.7258
-52202.7759 -215.7339
-52197.6558 -215.7482
-52192.7857 -215.7618
-52192.5282 -215.7625
-52187.3924 -215.7769
-52182.2492 -215.7912
-52179.8909 -215.7977
-52177.0981 -215.8055
-52171.9391 -215.8198
-52166.9684 -215.8335
-52166.7727 -215.8341
-52161.5980 -215.8484
-52156.4158 -215.8627
-52154.0187 -215.8693
-52151.2258 -215.8770
-52146.0279 -215.8913
-52141.0416 -215.9049
-52140.8224 -215.9055
-52135.6088 -215.9198
-52130.3876 -215.9341
-52128.0374 -215.9405
-52125.1585 -215.9484
-52119.9215 -215.9626
-52115.0059 -215.9760
-52114.6770 -215.9769
-52109.4242 -215.9911
-52104.1640 -216.0054
-52101.9476 -216.0114
-52098.8957 -216.0196
-52093.6196 -216.0339
-52088.8621 -216.0467
-52088.3359 -216.0481
-52083.0439 -216.0624
-52077.7444 -216.0766
-52075.7499 -216.0819
-52072.4369 -216.0908
-52067.1215 -216.1051
-52062.6109 -216.1171
-52061.7985 -216.1193
-52056.4673 -216.1335
-52051.1285 -216.1477
-52049.4452 -216.1522
-52045.7816 -216.1619
-52040.4268 -216.1761
-52036.2529 -216.1872
-52035.0644 -216.1903
-52029.6938 -216.2045
-52024.3156 -216.2187
-52023.0341 -216.2221
-52018.9292 -216.2329
-52013.5350 -216.2471
-52009.7889 -216.2569
-52008.1331 -216.2613
-52002.7230 -216.2754
-51997.3053 -216.2896
-51996.5173 -216.2917
-51991.8793 -216.3038
-51986.4456 -216.3179
-51983.2195 -216.3263
-51981.0040 -216.3321
-51975.5543 -216.3463
-51970.0970 -216.3604
-51969.8954 -216.3609
-51964.6313 -216.3746
-51959.1580 -216.3887
-51956.5454 -216.3954
-51953.6767 -216.4028
-51948.1873 -216.4170
-51943.1693 -216.4299
-51942.6903 -216.4311
-51937.1849 -216.4452
-51931.6718 -216.4593
-51929.7673 -216.4642
-51926.1506 -216.4735
-51920.6215 -216.4876
-51916.3395 -216.4985
-51915.0846 -216.5017
-51909.5394 -216.5158
-51903.9865 -216.5299
-51902.8859 -216.5327
-51898.4254 -216.5440
-51892.8564 -216.5581
-51889.4067 -216.5668
-51887.2795 -216.5722
-51881.6944 -216.5863
-51876.1017 -216.6003
-51875.9018 -216.6008
-51870.5005 -216.6144
-51864.8916 -216.6285
-51862.3716 -216.6348
-51859.2746 -216.6426
-51853.6496 -216.6566
-51848.8159 -216.6687
-51848.0167 -216.6707
-51842.3755 -216.6847
-51836.7266 -216.6988
-51835.2350 -216.7025
-51831.0694 -216.7128
-51825.4043 -216.7269
-51821.6288 -216.7362
-51819.7313 -216.7409
-51814.0500 -216.7549
-51808.3610 -216.7690
-51807.9974 -216.7699
-51802.6635 -216.7830
-51796.9583 -216.7970
-51794.3412 -216.8034
-51791.2450 -216.8110
-51785.5235 -216.8250
-51780.6598 -216.8369
-51779.7942 -216.8390
-51774.0565 -216.8530
-51768.3111 -216.8670
-51766.9537 -216.8704
-51762.5574 -216.8810
-51756.7957 -216.8950
-51753.2228 -216.9037
-51751.0260 -216.9090
-51745.2481 -216.9230
-51739.4671 -216.9370
-51739.4624 -216.9370
-51733.6682 -216.9510
-51727.8662 -216.9649
-51725.6871 -216.9702
-51722.0560 -216.9789
-51716.2377 -216.9928
-51711.8824 -217.0033
-51710.4115 -217.0068
-51704.5770 -217.0208
-51698.7347 -217.0347
-51698.0533 -217.0363
-51692.8839 -217.0486
-51687.0252 -217.0626
-51684.2001 -217.0693
-51681.1584 -217.0765
-51675.2834 -217.0904
-51670.3225 -217.1022
-51669.4006 -217.1044
-51663.5093 -217.1183
-51657.6102 -217.1322
-51656.4209 -217.1350
-51651.7027 -217.1461
-51645.7873 -217.1600
-51642.4953 -217.1678
-51639.8637 -217.1739
-51633.9319 -217.1878
-51628.5456 -217.2004
-51627.9923 -217.2017
-51622.0441 -217.2156
-51616.0881 -217.2295
-51614.5723 -217.2330
-51610.1238 -217.2434
-51604.1514 -217.2573
-51600.5752 -217.2656
-51598.1710 -217.2712
-51592.1823 -217.2850
-51586.5543 -217.2980
-51586.1857 -217.2989
-51580.1806 -217.3128
-51574.1677 -217.3266
-51572.5101 -217.3304
-51568.1463 -217.3405
-51562.1170 -217.3543
-51558.4424 -217.3627
-51556.0795 -217.3682
-51550.0338 -217.3820
-51544.3512 -217.3950
-51543.9802 -217.3958
-51537.9180 -217.4097
-51531.8480 -217.4235
-51530.2370 -217.4272
-51525.7696 -217.4373
-51519.6831 -217.4511
-51516.0995 -217.4593
-51513.5886 -217.4650
-51507.4857 -217.4788
-51501.9389 -217.4913
-51501.3749 -217.4926
-51495.2556 -217.5064
-51489.1284 -217.5202
-51487.7554 -217.5233
-51482.9928 -217.5340
-51476.8492 -217.5478
-51473.5491 -217.5551
-51470.6974 -217.5615
-51464.5373 -217.5753
-51459.3199 -217.5870
-51458.3693 -217.5891
-51452.1927 -217.6029
-51446.0083 -217.6166
-51445.0680 -217.6187
-51439.8154 -217.6304
-51433.6145 -217.6442
-51430.7937 -217.6504
-51427.4054 -217.6579
-51421.1880 -217.6717
-51416.4968 -217.6820
-51414.9626 -217.6854
-51408.7287 -217.6992
-51402.4870 -217.7129
-51402.1774 -217.7136
-51396.2367 -217.7266
-51389.9785 -217.7404
-51387.8359 -217.7451
-51383.7119 -217.7541
-51377.4371 -217.7678
-51373.4721 -217.7765
-51371.1543 -217.7815
-51364.8630 -217.7953
-51359.0861 -217.8078
-51358.5639 -217.8090
-51352.2561 -217.8227
-51345.9405 -217.8364
-51344.6782 -217.8391
-51339.6163 -217.8501
-51333.2842 -217.8638
-51330.2484 -217.8703
-51326.9437 -217.8775
-51320.5950 -217.8911
-51315.7966 -217.9015
-51314.2383 -217.9048
-51307.8730 -217.9185
-51301.4999 -217.9322
-51301.3231 -217.9326
-51295.1181 -217.9458
-51288.7285 -217.9595
-51286.8281 -217.9636
-51282.3304 -217.9732
-51275.9241 -217.9868
-51272.3115 -217.9945
-51269.5097 -218.0005
-51263.0869 -218.0141
-51257.7733 -218.0254
-51256.6561 -218.0278
-51250.2167 -218.0414
-51243.7695 -218.0551
-51243.2138 -218.0562
-51237.3136 -218.0687
-51230.8499 -218.0823
-51228.6331 -218.0870
-51224.3776 -218.0959
-51217.8972 -218.1096
-51214.0311 -218.1177
-51211.4086 -218.1232
-51204.9116 -218.1368
-51199.4079 -218.1483
-51198.4066 -218.1504
-51191.8930 -218.1640
-51185.3716 -218.1776
-51184.7637 -218.1789
-51178.8414 -218.1912
-51172.3033 -218.2048
-51170.0987 -218.2094
-51165.7568 -218.2184
-51159.2021 -218.2320
-51155.4128 -218.2398
-51152.6392 -218.2456
-51146.0679 -218.2591
-51140.7060 -218.2702
-51139.4885 -218.2727
-51132.9005 -218.2863
-51126.3047 -218.2998
-51125.9786 -218.3005
-51119.7002 -218.3134
-51113.0877 -218.3270
-51111.2307 -218.3308
-51106.4667 -218.3405
-51099.8376 -218.3541
-51096.4622 -218.3609
-51093.2002 -218.3676
-51086.5544 -218.3811
-51081.6732 -218.3911
-51079.9005 -218.3947
-51073.2381 -218.4082
-51066.8638 -218.4211
-51066.5677 -218.4217
-51059.8886 -218.4353
-51053.2017 -218.4488
-51052.0343 -218.4511
-51046.5060 -218.4623
-51039.8024 -218.4758
-51037.1846 -218.4811
-51033.0903 -218.4893
-51026.3699 -218.5028
-51022.3147 -218.5110
-51019.6413 -218.5163
-51012.9043 -218.5298
-51007.4248 -218.5408
-51006.1592 -218.5433
-50999.4055 -218.5568
-50992.6438 -218.5703
-50992.5148 -218.5706
-50985.8734 -218.5838
-50979.0951 -218.5973
-50977.5852 -218.6003
-50972.3081 -218.6108
-50965.5131 -218.6242
-50962.6357 -218.6299
-50958.7096 -218.6377
-50951.8978 -218.6512
-50947.6664 -218.6595
-50945.0778 -218.6646
-50938.2492 -218.6781
-50932.6774 -218.6890
-50931.4127 -218.6915
-50924.5674 -218.7050
-50917.7143 -218.7184
-50917.6688 -218.7185
-50910.8522 -218.7319
-50903.9823 -218.7453
-50902.6409 -218.7479
-50897.1038 -218.7587
-50890.2171 -218.7722
-50887.5936 -218.7773
-50883.3219 -218.7856
-50876.4185 -218.7990
-50872.5268 -218.8066
-50869.5068 -218.8124
-50862.5865 -218.8258
-50857.4407 -218.8358
-50855.6582 -218.8393
-50848.7212 -218.8527
-50842.3354 -218.8650
-50841.7762 -218.8661
-50834.8224 -218.8795
-50827.8607 -218.8929
-50827.2110 -218.8941
-50820.8902 -218.9062
-50813.9117 -218.9196
-50812.0677 -218.9232
-50806.9246 -218.9330
-50799.9293 -218.9464
-50796.9053 -218.9522
-50792.9255 -218.9598
-50785.9134 -218.9731
-50781.7239 -218.9811
-50778.8929 -218.9865
-50771.8640 -218.9999
-50766.5236 -219.0100
-50764.8269 -219.0132
-50757.7811 -219.0266
-50751.3045 -219.0389
-50750.7273 -219.0400
-50743.6646 -219.0533
-50736.5941 -219.0667
-50736.0668 -219.0676
-50729.5146 -219.0800
-50722.4272 -219.0933
-50720.8106 -219.0964
-50715.3311 -219.1067
-50708.2268 -219.1200
-50705.5357 -219.1250
-50701.1139 -219.1333
-50693.9928 -219.1467
-50690.2422 -219.1537
-50686.8632 -219.1600
-50679.7251 -219.1733
-50674.9303 -219.1822
-50672.5788 -219.1866
-50665.4239 -219.1999
-50659.5999 -219.2107
-50658.2608 -219.2132
-50651.0890 -219.2265
-50644.2512 -219.2392
-50643.9091 -219.2398
-50636.7204 -219.2531
-50629.5237 -219.2664
-50628.8844 -219.2676
-50622.3181 -219.2797
-50615.1045 -219.2930
-50613.4994 -219.2959
-50607.8821 -219.3062
-50600.6515 -219.3195
-50598.0963 -219.3242
-50593.4123 -219.3328
-50586.1648 -219.3461
-50582.6751 -219.3524
-50578.9088 -219.3593
-50571.6444 -219.3726
-50567.2358 -219.3806
-50564.3716 -219.3858
-50557.0901 -219.3991
-50551.7786 -219.4088
-50549.8005 -219.4124
-50542.5021 -219.4256
-50536.3035 -219.4368
-50535.1956 -219.4388
-50527.8802 -219.4521
-50520.8105 -219.4649
-50520.5568 -219.4653
-50513.2245 -219.4785
-50505.8842 -219.4918
-50505.2999 -219.4928
-50498.5349 -219.5050
-50491.1775 -219.5182
-50489.7717 -219.5207
-50483.8114 -219.5314
-50476.4370 -219.5447
-50474.2258 -219.5486
-50469.0540 -219.5579
-50461.6626 -219.5711
-50458.6623 -219.5764
-50454.2626 -219.5843
-50446.8542 -219.5975
-50443.0812 -219.6042
-50439.4373 -219.6107
-50432.0118 -219.6239
-50427.4827 -219.6319
-50424.5780 -219.6370
-50417.1355 -219.6502
-50411.8667 -219.6595
-50409.6847 -219.6634
-50402.2251 -219.6766
-50396.2334 -219.6872
-50394.7573 -219.6898
-50387.2807 -219.7029
-50380.5828 -219.7147
-50379.7959 -219.7161
-50372.3022 -219.7293
-50364.9149 -219.7422
-50364.8005 -219.7424
-50357.2897 -219.7556
-50349.7708 -219.7687
-50349.2300 -219.7697
-50342.2430 -219.7819
-50334.7070 -219.7950
-50333.5280 -219.7971
-50327.1622 -219.8081
-50319.6091 -219.8213
-50317.8089 -219.8244
-50312.0472 -219.8344
-50304.4770 -219.8475
-50302.0727 -219.8517
-50296.8981 -219.8607
-50289.3107 -219.8738
-50286.3196 -219.8790
-50281.7147 -219.8869
-50274.1102 -219.9000
-50270.5496 -219.9062
-50266.4971 -219.9131
-50258.8755 -219.9262
-50254.7627 -219.9333
-50251.2453 -219.9394
-50243.6065 -219.9525
-50238.9591 -219.9604
-50235.9592 -219.9655
-50228.3032 -219.9786
-50223.1386 -219.9875
-50220.6388 -219.9917
