SF_Version 0.9.3
19-Aug-2024 12:30:30
Temp(K) Pressure(MPa) Temp(K) Pressure(MPa)  Points 
0.1000 1071.2224 270.0000 428.5270 3126.0000
###########################################################
DV (m^3/kg)
NaN
NaN
NaN
NaN
NaN
NaN
NaN
NaN
NaN
NaN
NaN
NaN
NaN
NaN
NaN
NaN
NaN
NaN
NaN
NaN
NaN
NaN
NaN
NaN
NaN
NaN
NaN
NaN
NaN
NaN
NaN
NaN
NaN
NaN
NaN
NaN
NaN
NaN
NaN
NaN
NaN
NaN
NaN
NaN
NaN
NaN
NaN
NaN
NaN
NaN
NaN
NaN
NaN
NaN
NaN
NaN
NaN
NaN
NaN
NaN
NaN
NaN
NaN
NaN
NaN
NaN
NaN
NaN
NaN
NaN
NaN
NaN
NaN
NaN
NaN
NaN
NaN
NaN
NaN
NaN
NaN
NaN
NaN
NaN
NaN
NaN
NaN
NaN
NaN
NaN
NaN
NaN
NaN
NaN
NaN
NaN
NaN
NaN
NaN
NaN
NaN
NaN
NaN
NaN
NaN
NaN
NaN
NaN
NaN
NaN
NaN
NaN
NaN
NaN
NaN
NaN
NaN
NaN
NaN
NaN
NaN
NaN
NaN
NaN
NaN
NaN
NaN
NaN
NaN
NaN
NaN
NaN
NaN
NaN
NaN
NaN
NaN
NaN
NaN
NaN
NaN
NaN
NaN
NaN
NaN
NaN
NaN
NaN
NaN
NaN
NaN
NaN
NaN
NaN
NaN
NaN
NaN
NaN
NaN
NaN
NaN
NaN
NaN
NaN
NaN
NaN
NaN
NaN
NaN
NaN
NaN
NaN
NaN
NaN
NaN
NaN
NaN
NaN
NaN
NaN
NaN
NaN
NaN
NaN
NaN
NaN
NaN
NaN
NaN
NaN
NaN
NaN
NaN
NaN
NaN
NaN
NaN
NaN
NaN
NaN
NaN
NaN
NaN
NaN
NaN
NaN
NaN
NaN
NaN
NaN
NaN
NaN
NaN
NaN
NaN
NaN
NaN
NaN
NaN
NaN
NaN
NaN
NaN
NaN
NaN
NaN
NaN
NaN
NaN
NaN
NaN
NaN
NaN
NaN
NaN
NaN
NaN
NaN
NaN
NaN
NaN
NaN
NaN
NaN
NaN
NaN
NaN
NaN
NaN
NaN
NaN
NaN
NaN
NaN
NaN
NaN
NaN
NaN
NaN
NaN
NaN
NaN
NaN
NaN
NaN
NaN
NaN
NaN
NaN
NaN
NaN
NaN
NaN
NaN
NaN
NaN
NaN
NaN
NaN
NaN
NaN
NaN
NaN
NaN
NaN
NaN
NaN
NaN
NaN
NaN
NaN
NaN
NaN
NaN
NaN
NaN
NaN
NaN
NaN
NaN
NaN
NaN
NaN
NaN
NaN
NaN
NaN
NaN
NaN
NaN
NaN
NaN
NaN
NaN
NaN
NaN
NaN
NaN
NaN
NaN
NaN
NaN
NaN
NaN
NaN
NaN
NaN
NaN
NaN
NaN
NaN
NaN
NaN
NaN
NaN
NaN
NaN
NaN
NaN
NaN
NaN
NaN
NaN
NaN
-7.91182e-05
-7.91176e-05
-7.91172e-05
-7.91178e-05
-7.91177e-05
-7.91175e-05
-7.91174e-05
-7.91173e-05
-7.91172e-05
-7.91170e-05
-7.91169e-05
-7.91167e-05
-7.91167e-05
-7.91165e-05
-7.91163e-05
-7.91162e-05
-7.91161e-05
-7.91160e-05
-7.91158e-05
-7.91156e-05
-7.91156e-05
-7.91154e-05
-7.91152e-05
-7.91150e-05
-7.91150e-05
-7.91148e-05
-7.91146e-05
-7.91144e-05
-7.91143e-05
-7.91142e-05
-7.91139e-05
-7.91137e-05
-7.91137e-05
-7.91135e-05
-7.91133e-05
-7.91131e-05
-7.91130e-05
-7.91128e-05
-7.91126e-05
-7.91124e-05
-7.91123e-05
-7.91122e-05
-7.91119e-05
-7.91117e-05
-7.91116e-05
-7.91114e-05
-7.91112e-05
-7.91110e-05
-7.91108e-05
-7.91107e-05
-7.91105e-05
-7.91102e-05
-7.91100e-05
-7.91100e-05
-7.91097e-05
-7.91094e-05
-7.91092e-05
-7.91092e-05
-7.91089e-05
-7.91086e-05
-7.91084e-05
-7.91084e-05
-7.91081e-05
-7.91078e-05
-7.91075e-05
-7.91075e-05
-7.91073e-05
-7.91070e-05
-7.91067e-05
-7.91066e-05
-7.91064e-05
-7.91061e-05
-7.91058e-05
-7.91057e-05
-7.91055e-05
-7.91052e-05
-7.91049e-05
-7.91048e-05
-7.91046e-05
-7.91043e-05
-7.91040e-05
-7.91038e-05
-7.91037e-05
-7.91034e-05
-7.91031e-05
-7.91029e-05
-7.91027e-05
-7.91024e-05
-7.91021e-05
-7.91018e-05
-7.91018e-05
-7.91014e-05
-7.91011e-05
-7.91008e-05
-7.91008e-05
-7.91004e-05
-7.91001e-05
-7.90998e-05
-7.90998e-05
-7.90994e-05
-7.90991e-05
-7.90987e-05
-7.90987e-05
-7.90984e-05
-7.90980e-05
-7.90976e-05
-7.90976e-05
-7.90973e-05
-7.90969e-05
-7.90966e-05
-7.90964e-05
-7.90962e-05
-7.90958e-05
-7.90954e-05
-7.90953e-05
-7.90951e-05
-7.90947e-05
-7.90943e-05
-7.90941e-05
-7.90939e-05
-7.90935e-05
-7.90932e-05
-7.90929e-05
-7.90928e-05
-7.90924e-05
-7.90920e-05
-7.90916e-05
-7.90916e-05
-7.90912e-05
-7.90908e-05
-7.90904e-05
-7.90904e-05
-7.90900e-05
-7.90895e-05
-7.90891e-05
-7.90891e-05
-7.90887e-05
-7.90883e-05
-7.90879e-05
-7.90878e-05
-7.90875e-05
-7.90870e-05
-7.90866e-05
-7.90864e-05
-7.90862e-05
-7.90857e-05
-7.90853e-05
-7.90851e-05
-7.90849e-05
-7.90844e-05
-7.90840e-05
-7.90837e-05
-7.90835e-05
-7.90831e-05
-7.90826e-05
-7.90823e-05
-7.90822e-05
-7.90817e-05
-7.90812e-05
-7.90808e-05
-7.90808e-05
-7.90803e-05
-7.90799e-05
-7.90794e-05
-7.90794e-05
-7.90789e-05
-7.90784e-05
-7.90780e-05
-7.90779e-05
-7.90775e-05
-7.90770e-05
-7.90765e-05
-7.90764e-05
-7.90760e-05
-7.90755e-05
-7.90750e-05
-7.90749e-05
-7.90745e-05
-7.90740e-05
-7.90735e-05
-7.90733e-05
-7.90730e-05
-7.90725e-05
-7.90720e-05
-7.90717e-05
-7.90715e-05
-7.90710e-05
-7.90705e-05
-7.90701e-05
-7.90700e-05
-7.90695e-05
-7.90689e-05
-7.90685e-05
-7.90684e-05
-7.90679e-05
-7.90673e-05
-7.90668e-05
-7.90668e-05
-7.90663e-05
-7.90657e-05
-7.90652e-05
-7.90651e-05
-7.90647e-05
-7.90641e-05
-7.90636e-05
-7.90634e-05
-7.90630e-05
-7.90625e-05
-7.90619e-05
-7.90617e-05
-7.90613e-05
-7.90608e-05
-7.90602e-05
-7.90599e-05
-7.90596e-05
-7.90591e-05
-7.90585e-05
-7.90581e-05
-7.90579e-05
-7.90574e-05
-7.90568e-05
-7.90563e-05
-7.90562e-05
-7.90556e-05
-7.90550e-05
-7.90545e-05
-7.90544e-05
-7.90538e-05
-7.90532e-05
-7.90527e-05
-7.90526e-05
-7.90520e-05
-7.90514e-05
-7.90508e-05
-7.90508e-05
-7.90502e-05
-7.90496e-05
-7.90490e-05
-7.90489e-05
-7.90484e-05
-7.90478e-05
-7.90472e-05
-7.90469e-05
-7.90465e-05
-7.90459e-05
-7.90453e-05
-7.90450e-05
-7.90446e-05
-7.90440e-05
-7.90434e-05
-7.90430e-05
-7.90427e-05
-7.90421e-05
-7.90415e-05
-7.90410e-05
-7.90408e-05
-7.90402e-05
-7.90395e-05
-7.90390e-05
-7.90389e-05
-7.90382e-05
-7.90375e-05
-7.90369e-05
-7.90369e-05
-7.90362e-05
-7.90355e-05
-7.90349e-05
-7.90349e-05
-7.90342e-05
-7.90335e-05
-7.90329e-05
-7.90328e-05
-7.90322e-05
-7.90315e-05
-7.90308e-05
-7.90306e-05
-7.90301e-05
-7.90294e-05
-7.90287e-05
-7.90285e-05
-7.90280e-05
-7.90273e-05
-7.90266e-05
-7.90263e-05
-7.90259e-05
-7.90252e-05
-7.90245e-05
-7.90241e-05
-7.90238e-05
-7.90231e-05
-7.90224e-05
-7.90219e-05
-7.90217e-05
-7.90210e-05
-7.90202e-05
-7.90197e-05
-7.90195e-05
-7.90188e-05
-7.90180e-05
-7.90174e-05
-7.90173e-05
-7.90166e-05
-7.90158e-05
-7.90151e-05
-7.90151e-05
-7.90143e-05
-7.90136e-05
-7.90128e-05
-7.90128e-05
-7.90121e-05
-7.90113e-05
-7.90106e-05
-7.90105e-05
-7.90098e-05
-7.90091e-05
-7.90083e-05
-7.90081e-05
-7.90075e-05
-7.90068e-05
-7.90060e-05
-7.90057e-05
-7.90052e-05
-7.90044e-05
-7.90036e-05
-7.90033e-05
-7.90029e-05
-7.90021e-05
-7.90013e-05
-7.90009e-05
-7.90005e-05
-7.89997e-05
-7.89989e-05
-7.89984e-05
-7.89981e-05
-7.89973e-05
-7.89965e-05
-7.89959e-05
-7.89957e-05
-7.89949e-05
-7.89941e-05
-7.89934e-05
-7.89932e-05
-7.89924e-05
-7.89916e-05
-7.89909e-05
-7.89908e-05
-7.89900e-05
-7.89891e-05
-7.89883e-05
-7.89883e-05
-7.89875e-05
-7.89866e-05
-7.89858e-05
-7.89858e-05
-7.89849e-05
-7.89841e-05
-7.89833e-05
-7.89832e-05
-7.89824e-05
-7.89815e-05
-7.89807e-05
-7.89806e-05
-7.89798e-05
-7.89790e-05
-7.89781e-05
-7.89779e-05
-7.89772e-05
-7.89764e-05
-7.89755e-05
-7.89753e-05
-7.89746e-05
-7.89738e-05
-7.89729e-05
-7.89726e-05
-7.89720e-05
-7.89711e-05
-7.89702e-05
-7.89699e-05
-7.89693e-05
-7.89684e-05
-7.89675e-05
-7.89671e-05
-7.89666e-05
-7.89657e-05
-7.89648e-05
-7.89644e-05
-7.89639e-05
-7.89630e-05
-7.89621e-05
-7.89616e-05
-7.89612e-05
-7.89603e-05
-7.89594e-05
-7.89588e-05
-7.89584e-05
-7.89575e-05
-7.89566e-05
-7.89560e-05
-7.89557e-05
-7.89547e-05
-7.89538e-05
-7.89531e-05
-7.89529e-05
-7.89519e-05
-7.89510e-05
-7.89502e-05
-7.89500e-05
-7.89491e-05
-7.89481e-05
-7.89473e-05
-7.89472e-05
-7.89462e-05
-7.89452e-05
-7.89444e-05
-7.89443e-05
-7.89433e-05
-7.89423e-05
-7.89415e-05
-7.89414e-05
-7.89404e-05
-7.89394e-05
-7.89385e-05
-7.89384e-05
-7.89375e-05
-7.89365e-05
-7.89356e-05
-7.89355e-05
-7.89345e-05
-7.89335e-05
-7.89326e-05
-7.89325e-05
-7.89315e-05
-7.89305e-05
-7.89295e-05
-7.89295e-05
-7.89285e-05
-7.89275e-05
-7.89265e-05
-7.89265e-05
-7.89255e-05
-7.89245e-05
-7.89234e-05
-7.89234e-05
-7.89224e-05
-7.89214e-05
-7.89204e-05
-7.89203e-05
-7.89193e-05
-7.89183e-05
-7.89173e-05
-7.89172e-05
-7.89162e-05
-7.89152e-05
-7.89141e-05
-7.89141e-05
-7.89131e-05
-7.89120e-05
-7.89110e-05
-7.89109e-05
-7.89099e-05
-7.89089e-05
-7.89078e-05
-7.89078e-05
-7.89067e-05
-7.89057e-05
-7.89046e-05
-7.89046e-05
-7.89035e-05
-7.89025e-05
-7.89014e-05
-7.89013e-05
-7.89003e-05
-7.88992e-05
-7.88981e-05
-7.88981e-05
-7.88970e-05
-7.88960e-05
-7.88949e-05
-7.88948e-05
-7.88938e-05
-7.88927e-05
-7.88916e-05
-7.88916e-05
-7.88905e-05
-7.88894e-05
-7.88883e-05
-7.88882e-05
-7.88871e-05
-7.88860e-05
-7.88849e-05
-7.88849e-05
-7.88838e-05
-7.88826e-05
-7.88816e-05
-7.88815e-05
-7.88804e-05
-7.88793e-05
-7.88782e-05
-7.88781e-05
-7.88770e-05
-7.88758e-05
-7.88748e-05
-7.88747e-05
-7.88735e-05
-7.88724e-05
-7.88714e-05
-7.88712e-05
-7.88701e-05
-7.88689e-05
-7.88680e-05
-7.88678e-05
-7.88666e-05
-7.88654e-05
-7.88646e-05
-7.88643e-05
-7.88631e-05
-7.88619e-05
-7.88611e-05
-7.88608e-05
-7.88596e-05
-7.88584e-05
-7.88576e-05
-7.88572e-05
-7.88560e-05
-7.88548e-05
-7.88541e-05
-7.88536e-05
-7.88524e-05
-7.88512e-05
-7.88506e-05
-7.88500e-05
-7.88488e-05
-7.88476e-05
-7.88470e-05
-7.88464e-05
-7.88452e-05
-7.88440e-05
-7.88435e-05
-7.88428e-05
-7.88415e-05
-7.88403e-05
-7.88399e-05
-7.88391e-05
-7.88379e-05
-7.88366e-05
-7.88363e-05
-7.88354e-05
-7.88341e-05
-7.88329e-05
-7.88327e-05
-7.88317e-05
-7.88304e-05
-7.88292e-05
-7.88290e-05
-7.88279e-05
-7.88267e-05
-7.88254e-05
-7.88254e-05
-7.88241e-05
-7.88229e-05
-7.88217e-05
-7.88216e-05
-7.88203e-05
-7.88191e-05
-7.88180e-05
-7.88178e-05
-7.88165e-05
-7.88152e-05
-7.88143e-05
-7.88139e-05
-7.88127e-05
-7.88114e-05
-7.88105e-05
-7.88101e-05
-7.88088e-05
-7.88075e-05
-7.88068e-05
-7.88062e-05
-7.88049e-05
-7.88036e-05
-7.88030e-05
-7.88023e-05
-7.88009e-05
-7.87996e-05
-7.87992e-05
-7.87983e-05
-7.87970e-05
-7.87957e-05
-7.87954e-05
-7.87943e-05
-7.87930e-05
-7.87917e-05
-7.87916e-05
-7.87904e-05
-7.87890e-05
-7.87877e-05
-7.87877e-05
-7.87863e-05
-7.87850e-05
-7.87839e-05
-7.87836e-05
-7.87823e-05
-7.87809e-05
-7.87800e-05
-7.87796e-05
-7.87782e-05
-7.87769e-05
-7.87761e-05
-7.87755e-05
-7.87741e-05
-7.87727e-05
-7.87722e-05
-7.87714e-05
-7.87700e-05
-7.87686e-05
-7.87682e-05
-7.87672e-05
-7.87658e-05
-7.87645e-05
-7.87643e-05
-7.87631e-05
-7.87617e-05
-7.87603e-05
-7.87603e-05
-7.87589e-05
-7.87575e-05
-7.87563e-05
-7.87561e-05
-7.87547e-05
-7.87533e-05
-7.87523e-05
-7.87518e-05
-7.87504e-05
-7.87490e-05
-7.87483e-05
-7.87476e-05
-7.87462e-05
-7.87447e-05
-7.87442e-05
-7.87433e-05
-7.87419e-05
-7.87404e-05
-7.87402e-05
-7.87390e-05
-7.87375e-05
-7.87361e-05
-7.87361e-05
-7.87346e-05
-7.87332e-05
-7.87320e-05
-7.87317e-05
-7.87303e-05
-7.87288e-05
-7.87279e-05
-7.87274e-05
-7.87259e-05
-7.87244e-05
-7.87238e-05
-7.87230e-05
-7.87215e-05
-7.87200e-05
-7.87197e-05
-7.87185e-05
-7.87171e-05
-7.87156e-05
-7.87155e-05
-7.87141e-05
-7.87126e-05
-7.87113e-05
-7.87111e-05
-7.87096e-05
-7.87081e-05
-7.87072e-05
-7.87066e-05
-7.87051e-05
-7.87036e-05
-7.87030e-05
-7.87021e-05
-7.87006e-05
-7.86990e-05
-7.86987e-05
-7.86975e-05
-7.86960e-05
-7.86945e-05
-7.86945e-05
-7.86929e-05
-7.86914e-05
-7.86903e-05
-7.86899e-05
-7.86883e-05
-7.86868e-05
-7.86860e-05
-7.86853e-05
-7.86837e-05
-7.86822e-05
-7.86817e-05
-7.86806e-05
-7.86791e-05
-7.86775e-05
-7.86774e-05
-7.86760e-05
-7.86744e-05
-7.86731e-05
-7.86728e-05
-7.86713e-05
-7.86697e-05
-7.86688e-05
-7.86681e-05
-7.86665e-05
-7.86650e-05
-7.86644e-05
-7.86634e-05
-7.86618e-05
-7.86602e-05
-7.86601e-05
-7.86586e-05
-7.86570e-05
-7.86557e-05
-7.86554e-05
-7.86538e-05
-7.86522e-05
-7.86513e-05
-7.86506e-05
-7.86490e-05
-7.86474e-05
-7.86469e-05
-7.86458e-05
-7.86442e-05
-7.86425e-05
-7.86425e-05
-7.86409e-05
-7.86393e-05
-7.86381e-05
-7.86377e-05
-7.86360e-05
-7.86344e-05
-7.86336e-05
-7.86328e-05
-7.86311e-05
-7.86295e-05
-7.86292e-05
-7.86278e-05
-7.86262e-05
-7.86247e-05
-7.86245e-05
-7.86229e-05
-7.86212e-05
-7.86202e-05
-7.86196e-05
-7.86179e-05
-7.86162e-05
-7.86157e-05
-7.86146e-05
-7.86129e-05
-7.86112e-05
-7.86112e-05
-7.86096e-05
-7.86079e-05
-7.86067e-05
-7.86062e-05
-7.86045e-05
-7.86028e-05
-7.86022e-05
-7.86011e-05
-7.85994e-05
-7.85977e-05
-7.85976e-05
-7.85960e-05
-7.85943e-05
-7.85930e-05
-7.85926e-05
-7.85909e-05
-7.85892e-05
-7.85885e-05
-7.85875e-05
-7.85858e-05
-7.85841e-05
-7.85839e-05
-7.85823e-05
-7.85806e-05
-7.85793e-05
-7.85789e-05
-7.85771e-05
-7.85754e-05
-7.85746e-05
-7.85737e-05
-7.85719e-05
-7.85702e-05
-7.85700e-05
-7.85684e-05
-7.85667e-05
-7.85654e-05
-7.85649e-05
-7.85632e-05
-7.85614e-05
-7.85607e-05
-7.85597e-05
-7.85579e-05
-7.85561e-05
-7.85560e-05
-7.85544e-05
-7.85526e-05
-7.85513e-05
-7.85508e-05
-7.85490e-05
-7.85473e-05
-7.85467e-05
-7.85455e-05
-7.85437e-05
-7.85419e-05
-7.85419e-05
-7.85401e-05
-7.85383e-05
-7.85372e-05
-7.85365e-05
-7.85347e-05
-7.85329e-05
-7.85325e-05
-7.85311e-05
-7.85293e-05
-7.85277e-05
-7.85275e-05
-7.85257e-05
-7.85238e-05
-7.85230e-05
-7.85220e-05
-7.85202e-05
-7.85184e-05
-7.85182e-05
-7.85165e-05
-7.85147e-05
-7.85134e-05
-7.85129e-05
-7.85110e-05
-7.85092e-05
-7.85086e-05
-7.85073e-05
-7.85055e-05
-7.85038e-05
-7.85037e-05
-7.85018e-05
-7.84999e-05
-7.84990e-05
-7.84981e-05
-7.84962e-05
-7.84944e-05
-7.84942e-05
-7.84925e-05
-7.84906e-05
-7.84893e-05
-7.84887e-05
-7.84869e-05
-7.84850e-05
-7.84845e-05
-7.84831e-05
-7.84812e-05
-7.84796e-05
-7.84793e-05
-7.84774e-05
-7.84755e-05
-7.84748e-05
-7.84736e-05
-7.84717e-05
-7.84699e-05
-7.84698e-05
-7.84679e-05
-7.84660e-05
-7.84650e-05
-7.84641e-05
-7.84622e-05
-7.84603e-05
-7.84601e-05
-7.84584e-05
-7.84564e-05
-7.84551e-05
-7.84545e-05
-7.84526e-05
-7.84506e-05
-7.84502e-05
-7.84487e-05
-7.84468e-05
-7.84453e-05
-7.84448e-05
-7.84429e-05
-7.84409e-05
-7.84403e-05
-7.84390e-05
-7.84370e-05
-7.84353e-05
-7.84351e-05
-7.84331e-05
-7.84312e-05
-7.84304e-05
-7.84292e-05
-7.84272e-05
-7.84254e-05
-7.84253e-05
-7.84233e-05
-7.84213e-05
-7.84204e-05
-7.84193e-05
-7.84173e-05
-7.84154e-05
-7.84154e-05
-7.84134e-05
-7.84114e-05
-7.84104e-05
-7.84094e-05
-7.84074e-05
-7.84054e-05
-7.84053e-05
-7.84034e-05
-7.84014e-05
-7.84003e-05
-7.83994e-05
-7.83973e-05
-7.83953e-05
-7.83953e-05
-7.83933e-05
-7.83913e-05
-7.83902e-05
-7.83893e-05
-7.83872e-05
-7.83852e-05
-7.83851e-05
-7.83832e-05
-7.83811e-05
-7.83800e-05
-7.83791e-05
-7.83771e-05
-7.83750e-05
-7.83750e-05
-7.83730e-05
-7.83709e-05
-7.83699e-05
-7.83689e-05
-7.83668e-05
-7.83647e-05
-7.83647e-05
-7.83627e-05
-7.83606e-05
-7.83596e-05
-7.83585e-05
-7.83565e-05
-7.83545e-05
-7.83544e-05
-7.83523e-05
-7.83502e-05
-7.83494e-05
-7.83482e-05
-7.83461e-05
-7.83442e-05
-7.83440e-05
-7.83419e-05
-7.83398e-05
-7.83390e-05
-7.83377e-05
-7.83356e-05
-7.83339e-05
-7.83335e-05
-7.83314e-05
-7.83293e-05
-7.83287e-05
-7.83271e-05
-7.83250e-05
-7.83235e-05
-7.83229e-05
-7.83208e-05
-7.83187e-05
-7.83183e-05
-7.83165e-05
-7.83144e-05
-7.83131e-05
-7.83123e-05
-7.83101e-05
-7.83080e-05
-7.83079e-05
-7.83058e-05
-7.83037e-05
-7.83027e-05
-7.83015e-05
-7.82994e-05
-7.82974e-05
-7.82972e-05
-7.82951e-05
-7.82929e-05
-7.82922e-05
-7.82907e-05
-7.82886e-05
-7.82869e-05
-7.82864e-05
-7.82842e-05
-7.82820e-05
-7.82817e-05
-7.82799e-05
-7.82777e-05
-7.82764e-05
-7.82755e-05
-7.82733e-05
-7.82711e-05
-7.82711e-05
-7.82689e-05
-7.82667e-05
-7.82658e-05
-7.82645e-05
-7.82623e-05
-7.82605e-05
-7.82601e-05
-7.82579e-05
-7.82557e-05
-7.82552e-05
-7.82535e-05
-7.82512e-05
-7.82499e-05
-7.82490e-05
-7.82468e-05
-7.82446e-05
-7.82446e-05
-7.82423e-05
-7.82401e-05
-7.82392e-05
-7.82378e-05
-7.82356e-05
-7.82339e-05
-7.82334e-05
-7.82311e-05
-7.82289e-05
-7.82286e-05
-7.82266e-05
-7.82243e-05
-7.82232e-05
-7.82221e-05
-7.82198e-05
-7.82178e-05
-7.82175e-05
-7.82153e-05
-7.82130e-05
-7.82124e-05
-7.82107e-05
-7.82084e-05
-7.82071e-05
-7.82062e-05
-7.82039e-05
-7.82017e-05
-7.82016e-05
-7.81993e-05
-7.81970e-05
-7.81963e-05
-7.81947e-05
-7.81924e-05
-7.81909e-05
-7.81901e-05
-7.81878e-05
-7.81855e-05
-7.81854e-05
-7.81832e-05
-7.81809e-05
-7.81800e-05
-7.81785e-05
-7.81762e-05
-7.81746e-05
-7.81739e-05
-7.81716e-05
-7.81692e-05
-7.81691e-05
-7.81669e-05
-7.81645e-05
-7.81637e-05
-7.81622e-05
-7.81599e-05
-7.81582e-05
-7.81575e-05
-7.81552e-05
-7.81528e-05
-7.81527e-05
-7.81504e-05
-7.81481e-05
-7.81473e-05
-7.81457e-05
-7.81434e-05
-7.81418e-05
-7.81410e-05
-7.81386e-05
-7.81363e-05
-7.81362e-05
-7.81339e-05
-7.81315e-05
-7.81308e-05
-7.81291e-05
-7.81267e-05
-7.81253e-05
-7.81243e-05
-7.81219e-05
-7.81198e-05
-7.81195e-05
-7.81171e-05
-7.81147e-05
-7.81142e-05
-7.81123e-05
-7.81099e-05
-7.81087e-05
-7.81075e-05
-7.81050e-05
-7.81032e-05
-7.81026e-05
-7.81002e-05
-7.80978e-05
-7.80976e-05
-7.80953e-05
-7.80929e-05
-7.80921e-05
-7.80905e-05
-7.80880e-05
-7.80865e-05
-7.80856e-05
-7.80831e-05
-7.80809e-05
-7.80807e-05
-7.80782e-05
-7.80758e-05
-7.80753e-05
-7.80733e-05
-7.80709e-05
-7.80698e-05
-7.80684e-05
-7.80659e-05
-7.80642e-05
-7.80635e-05
-7.80610e-05
-7.80586e-05
-7.80585e-05
-7.80560e-05
-7.80535e-05
-7.80529e-05
-7.80510e-05
-7.80486e-05
-7.80473e-05
-7.80461e-05
-7.80436e-05
-7.80417e-05
-7.80411e-05
-7.80386e-05
-7.80361e-05
-7.80360e-05
-7.80335e-05
-7.80310e-05
-7.80304e-05
-7.80285e-05
-7.80260e-05
-7.80248e-05
-7.80235e-05
-7.80209e-05
-7.80191e-05
-7.80184e-05
-7.80159e-05
-7.80135e-05
-7.80133e-05
-7.80108e-05
-7.80082e-05
-7.80078e-05
-7.80057e-05
-7.80032e-05
-7.80021e-05
-7.80006e-05
-7.79980e-05
-7.79965e-05
-7.79955e-05
-7.79929e-05
-7.79908e-05
-7.79904e-05
-7.79878e-05
-7.79852e-05
-7.79851e-05
-7.79826e-05
-7.79801e-05
-7.79794e-05
-7.79775e-05
-7.79749e-05
-7.79737e-05
-7.79723e-05
-7.79697e-05
-7.79679e-05
-7.79671e-05
-7.79645e-05
-7.79622e-05
-7.79619e-05
-7.79593e-05
-7.79567e-05
-7.79565e-05
-7.79541e-05
-7.79515e-05
-7.79507e-05
-7.79489e-05
-7.79462e-05
-7.79450e-05
-7.79436e-05
-7.79410e-05
-7.79392e-05
-7.79383e-05
-7.79357e-05
-7.79335e-05
-7.79331e-05
-7.79304e-05
-7.79278e-05
-7.79277e-05
-7.79251e-05
-7.79225e-05
-7.79219e-05
-7.79198e-05
-7.79172e-05
-7.79162e-05
-7.79145e-05
-7.79118e-05
-7.79104e-05
-7.79092e-05
-7.79065e-05
-7.79046e-05
-7.79038e-05
-7.79011e-05
-7.78988e-05
-7.78985e-05
-7.78958e-05
-7.78931e-05
-7.78930e-05
-7.78904e-05
-7.78877e-05
-7.78872e-05
-7.78850e-05
-7.78823e-05
-7.78814e-05
-7.78796e-05
-7.78769e-05
-7.78755e-05
-7.78742e-05
-7.78715e-05
-7.78697e-05
-7.78687e-05
-7.78660e-05
-7.78639e-05
-7.78633e-05
-7.78606e-05
-7.78580e-05
-7.78578e-05
-7.78551e-05
-7.78524e-05
-7.78522e-05
-7.78496e-05
-7.78469e-05
-7.78463e-05
-7.78441e-05
-7.78414e-05
-7.78404e-05
-7.78386e-05
-7.78359e-05
-7.78346e-05
-7.78331e-05
-7.78303e-05
-7.78287e-05
-7.78276e-05
-7.78248e-05
-7.78228e-05
-7.78220e-05
-7.78192e-05
-7.78169e-05
-7.78165e-05
-7.78137e-05
-7.78110e-05
-7.78109e-05
-7.78081e-05
-7.78053e-05
-7.78051e-05
-7.78025e-05
-7.77997e-05
-7.77992e-05
-7.77969e-05
-7.77941e-05
-7.77933e-05
-7.77913e-05
-7.77884e-05
-7.77874e-05
-7.77856e-05
-7.77828e-05
-7.77814e-05
-7.77800e-05
-7.77771e-05
-7.77755e-05
-7.77743e-05
-7.77715e-05
-7.77696e-05
-7.77686e-05
-7.77658e-05
-7.77636e-05
-7.77629e-05
-7.77601e-05
-7.77577e-05
-7.77572e-05
-7.77544e-05
-7.77517e-05
-7.77515e-05
-7.77486e-05
-7.77458e-05
-7.77458e-05
-7.77429e-05
-7.77400e-05
-7.77398e-05
-7.77372e-05
-7.77343e-05
-7.77338e-05
-7.77314e-05
-7.77285e-05
-7.77278e-05
-7.77256e-05
-7.77227e-05
-7.77218e-05
-7.77198e-05
-7.77169e-05
-7.77158e-05
-7.77140e-05
-7.77111e-05
-7.77098e-05
-7.77082e-05
-7.77053e-05
-7.77038e-05
-7.77023e-05
-7.76994e-05
-7.76978e-05
-7.76965e-05
-7.76936e-05
-7.76918e-05
-7.76906e-05
-7.76877e-05
-7.76858e-05
-7.76848e-05
-7.76818e-05
-7.76798e-05
-7.76789e-05
-7.76759e-05
-7.76737e-05
-7.76730e-05
-7.76700e-05
-7.76677e-05
-7.76670e-05
-7.76641e-05
-7.76616e-05
-7.76611e-05
-7.76581e-05
-7.76556e-05
-7.76551e-05
-7.76522e-05
-7.76495e-05
-7.76492e-05
-7.76462e-05
-7.76435e-05
-7.76432e-05
-7.76402e-05
-7.76374e-05
-7.76372e-05
-7.76342e-05
-7.76313e-05
-7.76312e-05
-7.76282e-05
-7.76253e-05
-7.76252e-05
-7.76222e-05
-7.76192e-05
-7.76192e-05
-7.76161e-05
-7.76131e-05
-7.76131e-05
-7.76101e-05
-7.76071e-05
-7.76070e-05
-7.76040e-05
-7.76010e-05
-7.76009e-05
-7.75979e-05
-7.75949e-05
-7.75948e-05
-7.75918e-05
-7.75888e-05
-7.75887e-05
-7.75857e-05
-7.75827e-05
-7.75825e-05
-7.75796e-05
-7.75765e-05
-7.75764e-05
-7.75735e-05
-7.75704e-05
-7.75703e-05
-7.75673e-05
-7.75642e-05
-7.75642e-05
-7.75611e-05
-7.75580e-05
-7.75580e-05
-7.75549e-05
-7.75519e-05
-7.75519e-05
-7.75487e-05
-7.75457e-05
-7.75456e-05
-7.75425e-05
-7.75396e-05
-7.75394e-05
-7.75363e-05
-7.75334e-05
-7.75332e-05
-7.75301e-05
-7.75272e-05
-7.75269e-05
-7.75238e-05
-7.75211e-05
-7.75207e-05
-7.75175e-05
-7.75149e-05
-7.75144e-05
-7.75113e-05
-7.75087e-05
-7.75081e-05
-7.75050e-05
-7.75025e-05
-7.75018e-05
-7.74986e-05
-7.74963e-05
-7.74955e-05
-7.74923e-05
-7.74901e-05
-7.74891e-05
-7.74860e-05
-7.74839e-05
-7.74828e-05
-7.74796e-05
-7.74777e-05
-7.74764e-05
-7.74732e-05
-7.74715e-05
-7.74700e-05
-7.74669e-05
-7.74652e-05
-7.74637e-05
-7.74604e-05
-7.74590e-05
-7.74572e-05
-7.74540e-05
-7.74528e-05
-7.74508e-05
-7.74476e-05
-7.74466e-05
-7.74444e-05
-7.74412e-05
-7.74403e-05
-7.74379e-05
-7.74347e-05
-7.74341e-05
-7.74315e-05
-7.74282e-05
-7.74278e-05
-7.74250e-05
-7.74217e-05
-7.74215e-05
-7.74185e-05
-7.74153e-05
-7.74152e-05
-7.74120e-05
-7.74090e-05
-7.74087e-05
-7.74054e-05
-7.74027e-05
-7.74022e-05
-7.73989e-05
-7.73965e-05
-7.73956e-05
-7.73923e-05
-7.73902e-05
-7.73890e-05
-7.73857e-05
-7.73839e-05
-7.73825e-05
-7.73792e-05
-7.73776e-05
-7.73759e-05
-7.73726e-05
-7.73713e-05
-7.73692e-05
-7.73659e-05
-7.73650e-05
-7.73626e-05
-7.73593e-05
-7.73587e-05
-7.73560e-05
-7.73526e-05
-7.73524e-05
-7.73493e-05
-7.73460e-05
-7.73460e-05
-7.73426e-05
-7.73397e-05
-7.73393e-05
-7.73360e-05
-7.73334e-05
-7.73326e-05
-7.73293e-05
-7.73270e-05
-7.73259e-05
-7.73225e-05
-7.73207e-05
-7.73192e-05
-7.73158e-05
-7.73144e-05
-7.73124e-05
-7.73090e-05
-7.73080e-05
-7.73057e-05
-7.73023e-05
-7.73016e-05
-7.72989e-05
-7.72955e-05
-7.72953e-05
-7.72921e-05
-7.72889e-05
-7.72887e-05
-7.72853e-05
-7.72825e-05
-7.72819e-05
-7.72785e-05
-7.72762e-05
-7.72751e-05
-7.72716e-05
-7.72698e-05
-7.72682e-05
-7.72648e-05
-7.72634e-05
-7.72614e-05
-7.72579e-05
-7.72570e-05
-7.72545e-05
-7.72510e-05
-7.72506e-05
-7.72476e-05
-7.72442e-05
-7.72441e-05
-7.72407e-05
-7.72378e-05
-7.72372e-05
-7.72338e-05
-7.72314e-05
-7.72303e-05
-7.72268e-05
-7.72250e-05
-7.72234e-05
-7.72199e-05
-7.72185e-05
-7.72164e-05
-7.72129e-05
-7.72121e-05
-7.72094e-05
-7.72059e-05
-7.72057e-05
-7.72024e-05
-7.71992e-05
-7.71989e-05
-7.71954e-05
-7.71928e-05
-7.71919e-05
-7.71884e-05
-7.71864e-05
-7.71849e-05
-7.71814e-05
-7.71799e-05
-7.71778e-05
-7.71743e-05
-7.71734e-05
-7.71708e-05
-7.71672e-05
-7.71670e-05
-7.71637e-05
-7.71605e-05
-7.71601e-05
-7.71566e-05
-7.71540e-05
-7.71530e-05
-7.71495e-05
-7.71476e-05
-7.71459e-05
-7.71423e-05
-7.71411e-05
-7.71388e-05
-7.71352e-05
-7.71346e-05
-7.71316e-05
-7.71281e-05
-7.71280e-05
-7.71245e-05
-7.71216e-05
-7.71209e-05
-7.71173e-05
-7.71151e-05
-7.71137e-05
-7.71101e-05
-7.71086e-05
-7.71065e-05
-7.71029e-05
-7.71021e-05
-7.70992e-05
-7.70956e-05
-7.70956e-05
-7.70920e-05
-7.70890e-05
-7.70884e-05
-7.70847e-05
-7.70825e-05
-7.70811e-05
-7.70775e-05
-7.70760e-05
-7.70738e-05
-7.70702e-05
-7.70694e-05
-7.70665e-05
-7.70629e-05
-7.70629e-05
-7.70592e-05
-7.70564e-05
-7.70555e-05
-7.70519e-05
-7.70498e-05
-7.70482e-05
-7.70445e-05
-7.70432e-05
-7.70408e-05
-7.70371e-05
-7.70367e-05
-7.70335e-05
-7.70301e-05
-7.70298e-05
-7.70261e-05
-7.70235e-05
-7.70224e-05
-7.70187e-05
-7.70170e-05
-7.70149e-05
-7.70112e-05
-7.70104e-05
-7.70075e-05
-7.70038e-05
-7.70038e-05
-7.70001e-05
-7.69972e-05
-7.69963e-05
-7.69926e-05
-7.69906e-05
-7.69889e-05
-7.69851e-05
-7.69840e-05
-7.69814e-05
-7.69776e-05
-7.69774e-05
-7.69739e-05
-7.69708e-05
-7.69701e-05
-7.69663e-05
-7.69642e-05
-7.69626e-05
-7.69588e-05
-7.69576e-05
-7.69550e-05
-7.69512e-05
-7.69509e-05
-7.69474e-05
-7.69443e-05
-7.69436e-05
-7.69399e-05
-7.69377e-05
-7.69361e-05
-7.69322e-05
-7.69310e-05
-7.69284e-05
-7.69246e-05
-7.69244e-05
-7.69208e-05
-7.69177e-05
-7.69170e-05
-7.69132e-05
-7.69111e-05
-7.69093e-05
-7.69055e-05
-7.69044e-05
-7.69017e-05
-7.68978e-05
-7.68977e-05
-7.68940e-05
-7.68911e-05
-7.68901e-05
-7.68863e-05
-7.68844e-05
-7.68824e-05
-7.68785e-05
-7.68777e-05
-7.68747e-05
-7.68710e-05
-7.68708e-05
-7.68669e-05
-7.68643e-05
-7.68630e-05
-7.68591e-05
-7.68576e-05
-7.68553e-05
-7.68514e-05
-7.68509e-05
-7.68475e-05
-7.68442e-05
-7.68436e-05
-7.68397e-05
-7.68375e-05
-7.68357e-05
-7.68318e-05
-7.68308e-05
-7.68279e-05
-7.68241e-05
-7.68240e-05
-7.68200e-05
-7.68174e-05
-7.68161e-05
-7.68122e-05
-7.68106e-05
-7.68082e-05
-7.68043e-05
-7.68039e-05
-7.68003e-05
-7.67972e-05
-7.67964e-05
-7.67924e-05
-7.67904e-05
-7.67884e-05
-7.67845e-05
-7.67837e-05
-7.67805e-05
-7.67769e-05
-7.67765e-05
-7.67725e-05
-7.67702e-05
-7.67685e-05
-7.67645e-05
-7.67634e-05
-7.67605e-05
-7.67566e-05
-7.67565e-05
-7.67525e-05
-7.67498e-05
-7.67485e-05
-7.67445e-05
-7.67431e-05
-7.67405e-05
-7.67365e-05
-7.67363e-05
-7.67324e-05
-7.67295e-05
-7.67284e-05
-7.67243e-05
-7.67227e-05
-7.67203e-05
-7.67163e-05
-7.67159e-05
-7.67122e-05
-7.67091e-05
-7.67081e-05
-7.67041e-05
-7.67023e-05
-7.67000e-05
-7.66959e-05
-7.66955e-05
-7.66919e-05
-7.66887e-05
-7.66878e-05
-7.66837e-05
-7.66818e-05
-7.66796e-05
-7.66755e-05
-7.66750e-05
-7.66714e-05
-7.66682e-05
-7.66673e-05
-7.66632e-05
-7.66613e-05
-7.66591e-05
-7.66550e-05
-7.66545e-05
-7.66508e-05
-7.66476e-05
-7.66467e-05
-7.66426e-05
-7.66408e-05
-7.66385e-05
-7.66343e-05
-7.66339e-05
-7.66302e-05
-7.66271e-05
-7.66260e-05
-7.66219e-05
-7.66202e-05
-7.66177e-05
-7.66135e-05
-7.66133e-05
-7.66094e-05
-7.66064e-05
-7.66052e-05
-7.66010e-05
-7.65996e-05
-7.65968e-05
-7.65927e-05
-7.65926e-05
-7.65884e-05
-7.65858e-05
-7.65842e-05
-7.65800e-05
-7.65789e-05
-7.65758e-05
-7.65720e-05
-7.65716e-05
-7.65674e-05
-7.65651e-05
-7.65632e-05
-7.65590e-05
-7.65581e-05
-7.65547e-05
-7.65512e-05
-7.65505e-05
-7.65462e-05
-7.65443e-05
-7.65420e-05
-7.65377e-05
-7.65374e-05
-7.65335e-05
-7.65304e-05
-7.65292e-05
-7.65250e-05
-7.65235e-05
-7.65207e-05
-7.65166e-05
-7.65164e-05
-7.65121e-05
-7.65096e-05
-7.65078e-05
-7.65036e-05
-7.65027e-05
-7.64993e-05
-7.64957e-05
-7.64950e-05
-7.64907e-05
-7.64887e-05
-7.64863e-05
-7.64820e-05
-7.64818e-05
-7.64777e-05
-7.64748e-05
-7.64734e-05
-7.64691e-05
-7.64678e-05
-7.64647e-05
-7.64608e-05
-7.64604e-05
-7.64560e-05
-7.64538e-05
-7.64517e-05
-7.64473e-05
-7.64469e-05
-7.64430e-05
-7.64399e-05
-7.64386e-05
-7.64342e-05
-7.64329e-05
-7.64299e-05
-7.64258e-05
-7.64255e-05
-7.64211e-05
-7.64188e-05
-7.64167e-05
-7.64123e-05
-7.64118e-05
-7.64079e-05
-7.64048e-05
-7.64035e-05
-7.63991e-05
-7.63978e-05
-7.63947e-05
-7.63907e-05
-7.63903e-05
-7.63859e-05
-7.63837e-05
-7.63814e-05
-7.63770e-05
-7.63766e-05
-7.63726e-05
-7.63696e-05
-7.63681e-05
-7.63637e-05
-7.63625e-05
-7.63592e-05
-7.63555e-05
-7.63547e-05
-7.63503e-05
-7.63484e-05
-7.63458e-05
-7.63414e-05
-7.63413e-05
-7.63369e-05
-7.63343e-05
-7.63324e-05
-7.63279e-05
-7.63272e-05
-7.63234e-05
-7.63201e-05
-7.63189e-05
-7.63144e-05
-7.63130e-05
-7.63099e-05
-7.63059e-05
-7.63054e-05
-7.63008e-05
-7.62988e-05
-7.62963e-05
-7.62918e-05
-7.62917e-05
-7.62872e-05
-7.62846e-05
-7.62827e-05
-7.62781e-05
-7.62775e-05
-7.62736e-05
-7.62704e-05
-7.62690e-05
-7.62645e-05
-7.62633e-05
-7.62599e-05
-7.62561e-05
-7.62553e-05
-7.62508e-05
-7.62490e-05
-7.62462e-05
-7.62419e-05
-7.62416e-05
-7.62370e-05
-7.62347e-05
-7.62324e-05
-7.62278e-05
-7.62276e-05
-7.62232e-05
-7.62204e-05
-7.62186e-05
-7.62139e-05
-7.62133e-05
-7.62093e-05
-7.62061e-05
-7.62047e-05
-7.62000e-05
-7.61989e-05
-7.61954e-05
-7.61918e-05
-7.61908e-05
-7.61861e-05
-7.61846e-05
-7.61815e-05
-7.61774e-05
-7.61768e-05
-7.61721e-05
-7.61702e-05
-7.61674e-05
-7.61630e-05
-7.61628e-05
-7.61581e-05
-7.61558e-05
-7.61534e-05
-7.61487e-05
-7.61486e-05
-7.61440e-05
-7.61414e-05
-7.61393e-05
-7.61346e-05
-7.61342e-05
-7.61299e-05
-7.61270e-05
-7.61251e-05
-7.61204e-05
-7.61197e-05
-7.61157e-05
-7.61125e-05
-7.61109e-05
-7.61062e-05
-7.61053e-05
-7.61014e-05
-7.60980e-05
-7.60967e-05
-7.60919e-05
-7.60908e-05
-7.60872e-05
-7.60835e-05
-7.60824e-05
-7.60776e-05
-7.60763e-05
-7.60728e-05
-7.60690e-05
-7.60680e-05
-7.60633e-05
-7.60618e-05
-7.60585e-05
-7.60545e-05
-7.60537e-05
-7.60488e-05
-7.60472e-05
-7.60440e-05
-7.60399e-05
-7.60392e-05
-7.60344e-05
-7.60326e-05
-7.60295e-05
-7.60254e-05
-7.60247e-05
-7.60199e-05
-7.60181e-05
-7.60150e-05
-7.60108e-05
-7.60102e-05
-7.60053e-05
-7.60035e-05
-7.60004e-05
-7.59961e-05
-7.59956e-05
-7.59907e-05
-7.59888e-05
-7.59858e-05
-7.59815e-05
-7.59809e-05
-7.59760e-05
-7.59742e-05
-7.59711e-05
-7.59668e-05
-7.59662e-05
-7.59613e-05
-7.59595e-05
-7.59564e-05
-7.59522e-05
-7.59515e-05
-7.59465e-05
-7.59448e-05
-7.59416e-05
-7.59375e-05
-7.59367e-05
-7.59317e-05
-7.59301e-05
-7.59268e-05
-7.59227e-05
-7.59218e-05
-7.59168e-05
-7.59154e-05
-7.59119e-05
-7.59080e-05
-7.59069e-05
-7.59019e-05
-7.59006e-05
-7.58969e-05
-7.58932e-05
-7.58919e-05
-7.58869e-05
-7.58858e-05
-7.58819e-05
-7.58784e-05
-7.58769e-05
-7.58719e-05
-7.58710e-05
-7.58669e-05
-7.58636e-05
-7.58619e-05
-7.58568e-05
-7.58562e-05
-7.58518e-05
-7.58488e-05
-7.58467e-05
-7.58417e-05
-7.58414e-05
-7.58366e-05
-7.58340e-05
-7.58316e-05
-7.58265e-05
-7.58265e-05
-7.58214e-05
-7.58191e-05
-7.58164e-05
-7.58116e-05
-7.58113e-05
-7.58062e-05
-7.58042e-05
-7.58011e-05
-7.57967e-05
-7.57960e-05
-7.57909e-05
-7.57893e-05
-7.57857e-05
-7.57818e-05
-7.57806e-05
-7.57755e-05
-7.57743e-05
-7.57704e-05
-7.57669e-05
-7.57652e-05
-7.57601e-05
-7.57594e-05
-7.57549e-05
-7.57519e-05
-7.57498e-05
-7.57446e-05
-7.57444e-05
-7.57394e-05
-7.57369e-05
-7.57342e-05
-7.57294e-05
-7.57291e-05
-7.57239e-05
-7.57219e-05
-7.57187e-05
-7.57144e-05
-7.57135e-05
-7.57083e-05
-7.57069e-05
-7.57031e-05
-7.56993e-05
-7.56978e-05
-7.56926e-05
-7.56918e-05
-7.56874e-05
-7.56843e-05
-7.56821e-05
-7.56769e-05
-7.56767e-05
-7.56716e-05
-7.56692e-05
-7.56664e-05
-7.56616e-05
-7.56611e-05
-7.56559e-05
-7.56541e-05
-7.56506e-05
-7.56465e-05
-7.56453e-05
-7.56400e-05
-7.56389e-05
-7.56347e-05
-7.56314e-05
-7.56294e-05
-7.56241e-05
-7.56238e-05
-7.56188e-05
-7.56162e-05
-7.56135e-05
-7.56086e-05
-7.56081e-05
-7.56028e-05
-7.56010e-05
-7.55975e-05
-7.55934e-05
-7.55921e-05
-7.55868e-05
-7.55858e-05
-7.55814e-05
-7.55782e-05
-7.55760e-05
-7.55707e-05
-7.55706e-05
-7.55653e-05
-7.55629e-05
-7.55599e-05
-7.55553e-05
-7.55545e-05
-7.55491e-05
-7.55477e-05
-7.55437e-05
-7.55400e-05
-7.55383e-05
-7.55329e-05
-7.55324e-05
-7.55275e-05
-7.55247e-05
-7.55220e-05
-7.55171e-05
-7.55166e-05
-7.55111e-05
-7.55094e-05
-7.55057e-05
-7.55017e-05
-7.55002e-05
-7.54948e-05
-7.54940e-05
-7.54893e-05
-7.54864e-05
-7.54838e-05
-7.54787e-05
-7.54783e-05
-7.54729e-05
-7.54710e-05
-7.54674e-05
-7.54633e-05
-7.54619e-05
-7.54563e-05
-7.54556e-05
-7.54508e-05
-7.54479e-05
-7.54453e-05
-7.54401e-05
-7.54398e-05
-7.54342e-05
-7.54324e-05
-7.54287e-05
-7.54247e-05
-7.54231e-05
-7.54176e-05
-7.54170e-05
-7.54120e-05
-7.54092e-05
-7.54064e-05
-7.54015e-05
-7.54009e-05
-7.53953e-05
-7.53937e-05
-7.53897e-05
-7.53860e-05
-7.53841e-05
-7.53785e-05
-7.53782e-05
-7.53729e-05
-7.53704e-05
-7.53673e-05
-7.53627e-05
-7.53616e-05
-7.53560e-05
-7.53549e-05
-7.53504e-05
-7.53471e-05
-7.53447e-05
-7.53393e-05
-7.53391e-05
-7.53334e-05
-7.53315e-05
-7.53277e-05
-7.53237e-05
-7.53221e-05
-7.53164e-05
-7.53159e-05
-7.53107e-05
-7.53080e-05
-7.53050e-05
-7.53002e-05
-7.52993e-05
-7.52936e-05
-7.52924e-05
-7.52879e-05
-7.52846e-05
-7.52821e-05
-7.52767e-05
-7.52764e-05
-7.52707e-05
-7.52689e-05
-7.52649e-05
-7.52610e-05
-7.52592e-05
-7.52534e-05
-7.52531e-05
-7.52476e-05
-7.52453e-05
-7.52419e-05
-7.52374e-05
-7.52361e-05
-7.52303e-05
-7.52295e-05
-7.52245e-05
-7.52216e-05
-7.52187e-05
-7.52137e-05
-7.52129e-05
-7.52071e-05
-7.52059e-05
-7.52012e-05
-7.51979e-05
-7.51954e-05
-7.51900e-05
-7.51896e-05
-7.51837e-05
-7.51821e-05
-7.51779e-05
-7.51742e-05
-7.51720e-05
-7.51663e-05
-7.51661e-05
-7.51603e-05
-7.51583e-05
-7.51544e-05
-7.51504e-05
-7.51485e-05
-7.51426e-05
-7.51424e-05
-7.51367e-05
-7.51345e-05
-7.51308e-05
-7.51265e-05
-7.51248e-05
-7.51189e-05
-7.51186e-05
-7.51130e-05
-7.51106e-05
-7.51070e-05
-7.51026e-05
-7.51011e-05
-7.50951e-05
-7.50946e-05
-7.50891e-05
-7.50866e-05
-7.50832e-05
-7.50786e-05
-7.50772e-05
-7.50712e-05
-7.50706e-05
-7.50652e-05
-7.50626e-05
-7.50592e-05
-7.50546e-05
-7.50532e-05
-7.50472e-05
-7.50466e-05
-7.50411e-05
-7.50385e-05
-7.50351e-05
-7.50305e-05
-7.50291e-05
-7.50230e-05
-7.50225e-05
-7.50170e-05
-7.50144e-05
-7.50109e-05
-7.50064e-05
-7.50048e-05
-7.49987e-05
-7.49983e-05
-7.49926e-05
-7.49902e-05
-7.49865e-05
-7.49821e-05
-7.49804e-05
-7.49743e-05
-7.49741e-05
-7.49682e-05
-7.49660e-05
-7.49621e-05
-7.49579e-05
-7.49559e-05
-7.49498e-05
-7.49498e-05
-7.49436e-05
-7.49417e-05
-7.49375e-05
-7.49335e-05
-7.49313e-05
-7.49254e-05
-7.49251e-05
-7.49190e-05
-7.49173e-05
-7.49128e-05
-7.49092e-05
-7.49066e-05
-7.49010e-05
-7.49003e-05
-7.48941e-05
-7.48929e-05
-7.48879e-05
-7.48847e-05
-7.48817e-05
-7.48766e-05
-7.48754e-05
-7.48692e-05
-7.48684e-05
-7.48629e-05
-7.48602e-05
-7.48567e-05
-7.48520e-05
-7.48504e-05
-7.48441e-05
-7.48438e-05
-7.48378e-05
-7.48356e-05
-7.48315e-05
-7.48274e-05
-7.48252e-05
-7.48192e-05
-7.48189e-05
-7.48126e-05
-7.48110e-05
-7.48062e-05
-7.48028e-05
-7.47999e-05
-7.47946e-05
-7.47936e-05
-7.47872e-05
-7.47863e-05
-7.47808e-05
-7.47781e-05
-7.47745e-05
-7.47698e-05
-7.47681e-05
-7.47617e-05
-7.47616e-05
-7.47553e-05
-7.47533e-05
-7.47489e-05
-7.47450e-05
-7.47425e-05
-7.47368e-05
-7.47360e-05
-7.47296e-05
-7.47285e-05
-7.47232e-05
-7.47202e-05
-7.47167e-05
-7.47119e-05
-7.47103e-05
-7.47038e-05
-7.47036e-05
-7.46973e-05
-7.46953e-05
-7.46908e-05
-7.46869e-05
-7.46843e-05
-7.46786e-05
-7.46778e-05
-7.46713e-05
-7.46703e-05
-7.46648e-05
-7.46619e-05
-7.46583e-05
-7.46536e-05
-7.46517e-05
-7.46452e-05
-7.46452e-05
-7.46386e-05
-7.46369e-05
-7.46321e-05
-7.46285e-05
-7.46255e-05
-7.46201e-05
-7.46189e-05
-7.46123e-05
-7.46117e-05
-7.46057e-05
-7.46033e-05
-7.45991e-05
-7.45949e-05
-7.45925e-05
-7.45865e-05
-7.45859e-05
-7.45793e-05
-7.45781e-05
-7.45726e-05
-7.45697e-05
-7.45660e-05
-7.45613e-05
-7.45593e-05
-7.45528e-05
-7.45526e-05
-7.45460e-05
-7.45444e-05
-7.45393e-05
-7.45360e-05
-7.45326e-05
-7.45275e-05
-7.45259e-05
-7.45192e-05
-7.45190e-05
-7.45124e-05
-7.45106e-05
-7.45057e-05
-7.45021e-05
-7.44990e-05
-7.44936e-05
-7.44922e-05
-7.44855e-05
-7.44851e-05
-7.44787e-05
-7.44766e-05
-7.44719e-05
-7.44681e-05
-7.44651e-05
-7.44596e-05
-7.44583e-05
-7.44515e-05
-7.44511e-05
-7.44447e-05
-7.44425e-05
-7.44379e-05
-7.44340e-05
-7.44310e-05
-7.44254e-05
-7.44242e-05
-7.44173e-05
-7.44169e-05
-7.44105e-05
-7.44083e-05
-7.44036e-05
-7.43998e-05
-7.43967e-05
-7.43912e-05
-7.43898e-05
-7.43829e-05
-7.43826e-05
-7.43760e-05
-7.43740e-05
-7.43691e-05
-7.43654e-05
-7.43622e-05
-7.43568e-05
-7.43552e-05
-7.43483e-05
-7.43482e-05
-7.43413e-05
-7.43396e-05
-7.43344e-05
-7.43309e-05
-7.43274e-05
-7.43223e-05
-7.43204e-05
-7.43137e-05
-7.43134e-05
-7.43064e-05
-7.43050e-05
-7.42994e-05
-7.42963e-05
-7.42923e-05
-7.42877e-05
-7.42853e-05
-7.42790e-05
-7.42783e-05
-7.42712e-05
-7.42703e-05
-7.42641e-05
-7.42616e-05
-7.42571e-05
-7.42529e-05
-7.42500e-05
-7.42442e-05
-7.42429e-05
-7.42358e-05
-7.42355e-05
-7.42286e-05
-7.42268e-05
-7.42215e-05
-7.42181e-05
-7.42144e-05
-7.42093e-05
-7.42072e-05
-7.42006e-05
-7.42001e-05
-7.41929e-05
-7.41918e-05
-7.41857e-05
-7.41831e-05
-7.41785e-05
-7.41743e-05
-7.41713e-05
-7.41655e-05
-7.41641e-05
-7.41569e-05
-7.41567e-05
-7.41497e-05
-7.41479e-05
-7.41425e-05
-7.41391e-05
-7.41352e-05
-7.41303e-05
-7.41279e-05
-7.41215e-05
-7.41207e-05
-7.41134e-05
-7.41127e-05
-7.41061e-05
-7.41038e-05
-7.40988e-05
-7.40950e-05
-7.40915e-05
-7.40861e-05
-7.40842e-05
-7.40773e-05
-7.40768e-05
-7.40695e-05
-7.40684e-05
-7.40621e-05
-7.40595e-05
-7.40548e-05
-7.40507e-05
-7.40474e-05
-7.40418e-05
-7.40400e-05
-7.40329e-05
-7.40326e-05
-7.40252e-05
-7.40240e-05
-7.40178e-05
-7.40150e-05
-7.40104e-05
-7.40061e-05
-7.40029e-05
-7.39972e-05
-7.39955e-05
-7.39882e-05
-7.39880e-05
-7.39805e-05
-7.39793e-05
-7.39731e-05
-7.39703e-05
-7.39656e-05
-7.39614e-05
-7.39581e-05
-7.39524e-05
-7.39505e-05
-7.39434e-05
-7.39430e-05
-7.39355e-05
-7.39344e-05
-7.39279e-05
-7.39254e-05
-7.39204e-05
-7.39164e-05
-7.39128e-05
-7.39074e-05
-7.39052e-05
-7.38984e-05
-7.38976e-05
-7.38900e-05
-7.38893e-05
-7.38824e-05
-7.38803e-05
-7.38748e-05
-7.38712e-05
-7.38671e-05
-7.38622e-05
-7.38595e-05
-7.38531e-05
-7.38518e-05
-7.38441e-05
-7.38440e-05
-7.38365e-05
-7.38349e-05
-7.38288e-05
-7.38258e-05
-7.38211e-05
-7.38167e-05
-7.38133e-05
-7.38076e-05
-7.38056e-05
-7.37985e-05
-7.37979e-05
-7.37901e-05
-7.37894e-05
-7.37823e-05
-7.37802e-05
-7.37746e-05
-7.37711e-05
-7.37668e-05
-7.37619e-05
-7.37590e-05
-7.37528e-05
-7.37512e-05
-7.37436e-05
-7.37433e-05
-7.37355e-05
-7.37344e-05
-7.37277e-05
-7.37252e-05
-7.37198e-05
-7.37160e-05
-7.37119e-05
-7.37068e-05
-7.37041e-05
-7.36976e-05
-7.36962e-05
-7.36883e-05
-7.36882e-05
-7.36803e-05
-7.36791e-05
-7.36724e-05
-7.36699e-05
-7.36645e-05
-7.36606e-05
-7.36565e-05
-7.36513e-05
-7.36485e-05
-7.36421e-05
-7.36406e-05
-7.36328e-05
-7.36326e-05
-7.36246e-05
-7.36235e-05
-7.36165e-05
-7.36142e-05
-7.36085e-05
-7.36049e-05
-7.36005e-05
-7.35955e-05
-7.35924e-05
-7.35862e-05
-7.35844e-05
-7.35769e-05
-7.35763e-05
-7.35682e-05
-7.35675e-05
-7.35601e-05
-7.35582e-05
-7.35520e-05
-7.35488e-05
-7.35438e-05
-7.35394e-05
-7.35357e-05
-7.35300e-05
-7.35275e-05
-7.35206e-05
-7.35194e-05
-7.35112e-05
-7.35112e-05
-7.35030e-05
-7.35018e-05
-7.34948e-05
-7.34924e-05
-7.34866e-05
-7.34830e-05
-7.34784e-05
-7.34735e-05
-7.34701e-05
-7.34641e-05
-7.34619e-05
-7.34546e-05
-7.34536e-05
-7.34453e-05
-7.34451e-05
-7.34370e-05
-7.34357e-05
-7.34287e-05
-7.34262e-05
-7.34204e-05
-7.34167e-05
-7.34121e-05
-7.34072e-05
-7.34037e-05
-7.33977e-05
-7.33954e-05
-7.33881e-05
-7.33870e-05
-7.33786e-05
-7.33786e-05
-7.33702e-05
-7.33690e-05
-7.33618e-05
-7.33595e-05
-7.33534e-05
-7.33499e-05
-7.33449e-05
-7.33403e-05
-7.33365e-05
-7.33307e-05
-7.33280e-05
-7.33212e-05
-7.33195e-05
-7.33115e-05
-7.33110e-05
-7.33025e-05
-7.33019e-05
-7.32940e-05
-7.32923e-05
-7.32855e-05
-7.32827e-05
-7.32769e-05
-7.32730e-05
-7.32684e-05
-7.32634e-05
-7.32598e-05
-7.32537e-05
-7.32512e-05
-7.32440e-05
-7.32426e-05
