SF_Version 0.9.3
03-Sep-2024 23:12:15
Temp(K) Pressure(MPa) Temp(K) Pressure(MPa)  Points 
249.4176 355.5042 238.2371 209.8850 404.0000
###########################################################
DV (m^3/kg)
1.47623e-05
1.47689e-05
1.47740e-05
1.47856e-05
1.47971e-05
1.48022e-05
1.48087e-05
1.48203e-05
1.48319e-05
1.48354e-05
1.48434e-05
1.48550e-05
1.48666e-05
1.48687e-05
1.48782e-05
1.48898e-05
1.49014e-05
1.49018e-05
1.49130e-05
1.49246e-05
1.49350e-05
1.49363e-05
1.49479e-05
1.49595e-05
1.49681e-05
1.49711e-05
1.49828e-05
1.49944e-05
1.50012e-05
1.50061e-05
1.50177e-05
1.50294e-05
1.50343e-05
1.50410e-05
1.50527e-05
1.50643e-05
1.50673e-05
1.50760e-05
1.50877e-05
1.50994e-05
1.51003e-05
1.51110e-05
1.51227e-05
1.51333e-05
1.51344e-05
1.51461e-05
1.51578e-05
1.51663e-05
1.51695e-05
1.51813e-05
1.51930e-05
1.51992e-05
1.52047e-05
1.52164e-05
1.52281e-05
1.52321e-05
1.52399e-05
1.52516e-05
1.52634e-05
1.52650e-05
1.52751e-05
1.52869e-05
1.52978e-05
1.52986e-05
1.53104e-05
1.53221e-05
1.53306e-05
1.53339e-05
1.53457e-05
1.53575e-05
1.53634e-05
1.53693e-05
1.53810e-05
1.53928e-05
1.53961e-05
1.54046e-05
1.54164e-05
1.54283e-05
1.54288e-05
1.54401e-05
1.54519e-05
1.54615e-05
1.54637e-05
1.54755e-05
1.54874e-05
1.54942e-05
1.54992e-05
1.55110e-05
1.55229e-05
1.55268e-05
1.55347e-05
1.55466e-05
1.55584e-05
1.55595e-05
1.55703e-05
1.55822e-05
1.55920e-05
1.55941e-05
1.56059e-05
1.56178e-05
1.56246e-05
1.56297e-05
1.56416e-05
1.56535e-05
1.56571e-05
1.56654e-05
1.56773e-05
1.56892e-05
1.56896e-05
1.57011e-05
1.57130e-05
1.57221e-05
1.57250e-05
1.57369e-05
1.57488e-05
1.57546e-05
1.57608e-05
1.57727e-05
1.57847e-05
1.57870e-05
1.57966e-05
1.58086e-05
1.58194e-05
1.58205e-05
1.58325e-05
1.58445e-05
1.58518e-05
1.58564e-05
1.58684e-05
1.58804e-05
1.58841e-05
1.58924e-05
1.59044e-05
1.59164e-05
1.59165e-05
1.59284e-05
1.59404e-05
1.59488e-05
1.59524e-05
1.59644e-05
1.59765e-05
1.59810e-05
1.59885e-05
1.60005e-05
1.60126e-05
1.60133e-05
1.60246e-05
1.60367e-05
1.60455e-05
1.60487e-05
1.60608e-05
1.60728e-05
1.60777e-05
1.60849e-05
1.60970e-05
1.61090e-05
1.61099e-05
1.61211e-05
1.61332e-05
1.61421e-05
1.61453e-05
1.61574e-05
1.61695e-05
1.61742e-05
1.61816e-05
1.61937e-05
1.62058e-05
1.62063e-05
1.62180e-05
1.62301e-05
1.62384e-05
1.62422e-05
1.62543e-05
1.62665e-05
1.62704e-05
1.62786e-05
1.62908e-05
1.63024e-05
1.63029e-05
1.63151e-05
1.63272e-05
1.63345e-05
1.63394e-05
1.63516e-05
1.63638e-05
1.63664e-05
1.63759e-05
1.63881e-05
1.63984e-05
1.64003e-05
1.64125e-05
1.64247e-05
1.64303e-05
1.64369e-05
1.64491e-05
1.64613e-05
1.64622e-05
1.64736e-05
1.64858e-05
1.64941e-05
1.64980e-05
1.65103e-05
1.65225e-05
1.65260e-05
1.65347e-05
1.65470e-05
1.65578e-05
1.65592e-05
1.65715e-05
1.65838e-05
1.65897e-05
1.65960e-05
1.66083e-05
1.66206e-05
1.66215e-05
1.66329e-05
1.66452e-05
1.66532e-05
1.66574e-05
1.66697e-05
1.66820e-05
1.66850e-05
1.66944e-05
1.67067e-05
1.67167e-05
1.67190e-05
1.67313e-05
1.67436e-05
1.67484e-05
1.67560e-05
1.67683e-05
1.67801e-05
1.67806e-05
1.67930e-05
1.68053e-05
1.68118e-05
1.68177e-05
1.68301e-05
1.68424e-05
1.68434e-05
1.68548e-05
1.68672e-05
1.68750e-05
1.68795e-05
1.68919e-05
1.69043e-05
1.69066e-05
1.69167e-05
1.69291e-05
1.69382e-05
1.69415e-05
1.69539e-05
1.69663e-05
1.69697e-05
1.69788e-05
1.69912e-05
1.70013e-05
1.70036e-05
1.70160e-05
1.70285e-05
1.70328e-05
1.70409e-05
1.70534e-05
1.70643e-05
1.70658e-05
1.70783e-05
1.70908e-05
1.70957e-05
1.71032e-05
1.71157e-05
1.71272e-05
1.71282e-05
1.71407e-05
1.71531e-05
1.71586e-05
1.71656e-05
1.71781e-05
1.71900e-05
1.71906e-05
1.72031e-05
1.72157e-05
1.72214e-05
1.72282e-05
1.72407e-05
1.72528e-05
1.72532e-05
1.72658e-05
1.72783e-05
1.72841e-05
1.72908e-05
1.73034e-05
1.73154e-05
1.73159e-05
1.73285e-05
1.73411e-05
1.73467e-05
1.73536e-05
1.73662e-05
1.73780e-05
1.73788e-05
1.73914e-05
1.74040e-05
1.74093e-05
1.74165e-05
1.74291e-05
1.74405e-05
1.74417e-05
1.74544e-05
1.74670e-05
1.74717e-05
1.74796e-05
1.74922e-05
1.75029e-05
1.75048e-05
1.75175e-05
1.75301e-05
1.75341e-05
1.75428e-05
1.75554e-05
1.75653e-05
1.75681e-05
1.75807e-05
1.75934e-05
1.75964e-05
1.76061e-05
1.76187e-05
1.76275e-05
1.76314e-05
1.76441e-05
1.76568e-05
1.76586e-05
1.76695e-05
1.76822e-05
1.76897e-05
1.76949e-05
1.77076e-05
1.77203e-05
1.77208e-05
1.77330e-05
1.77458e-05
1.77518e-05
1.77585e-05
1.77712e-05
1.77828e-05
1.77840e-05
1.77967e-05
1.78095e-05
1.78139e-05
1.78222e-05
1.78350e-05
1.78448e-05
1.78477e-05
1.78605e-05
1.78733e-05
1.78758e-05
1.78861e-05
1.78989e-05
1.79068e-05
1.79117e-05
1.79245e-05
1.79373e-05
1.79377e-05
1.79501e-05
1.79629e-05
1.79686e-05
1.79757e-05
1.79885e-05
1.79995e-05
1.80014e-05
1.80142e-05
1.80270e-05
1.80304e-05
1.80399e-05
1.80527e-05
1.80613e-05
1.80656e-05
1.80784e-05
1.80913e-05
1.80921e-05
1.81042e-05
1.81171e-05
1.81230e-05
1.81299e-05
1.81428e-05
1.81538e-05
1.81557e-05
1.81686e-05
1.81815e-05
1.81846e-05
1.81944e-05
1.82074e-05
1.82154e-05
1.82203e-05
1.82332e-05
1.82461e-05
1.82461e-05
1.82591e-05
1.82720e-05
1.82769e-05
1.82850e-05
1.82979e-05
1.83076e-05
1.83109e-05
1.83268e-05
