SF_Version 0.9.3
19-Aug-2024 12:30:30
Temp(K) Pressure(MPa) Temp(K) Pressure(MPa)  Points 
210.1090 391.0000 269.6634 340.0000 698.0000
###########################################################
DV (m^3/kg)
-4.88062e-05
-4.88101e-05
-4.88143e-05
-4.88186e-05
-4.88228e-05
-4.88271e-05
-4.88279e-05
-4.88314e-05
-4.88356e-05
-4.88399e-05
-4.88442e-05
-4.88484e-05
-4.88497e-05
-4.88527e-05
-4.88570e-05
-4.88613e-05
-4.88655e-05
-4.88698e-05
-4.88716e-05
-4.88741e-05
-4.88784e-05
-4.88827e-05
-4.88869e-05
-4.88912e-05
-4.88936e-05
-4.88955e-05
-4.88998e-05
-4.89041e-05
-4.89084e-05
-4.89127e-05
-4.89156e-05
-4.89170e-05
-4.89213e-05
-4.89256e-05
-4.89299e-05
-4.89342e-05
-4.89378e-05
-4.89385e-05
-4.89428e-05
-4.89471e-05
-4.89514e-05
-4.89557e-05
-4.89600e-05
-4.89601e-05
-4.89644e-05
-4.89687e-05
-4.89730e-05
-4.89773e-05
-4.89817e-05
-4.89823e-05
-4.89860e-05
-4.89903e-05
-4.89946e-05
-4.89990e-05
-4.90033e-05
-4.90047e-05
-4.90076e-05
-4.90120e-05
-4.90163e-05
-4.90206e-05
-4.90250e-05
-4.90272e-05
-4.90293e-05
-4.90336e-05
-4.90380e-05
-4.90423e-05
-4.90467e-05
-4.90498e-05
-4.90510e-05
-4.90554e-05
-4.90597e-05
-4.90641e-05
-4.90684e-05
-4.90725e-05
-4.90728e-05
-4.90771e-05
-4.90815e-05
-4.90859e-05
-4.90902e-05
-4.90946e-05
-4.90952e-05
-4.90990e-05
-4.91033e-05
-4.91077e-05
-4.91121e-05
-4.91164e-05
-4.91180e-05
-4.91208e-05
-4.91252e-05
-4.91296e-05
-4.91339e-05
-4.91383e-05
-4.91410e-05
-4.91427e-05
-4.91471e-05
-4.91515e-05
-4.91558e-05
-4.91602e-05
-4.91640e-05
-4.91646e-05
-4.91690e-05
-4.91734e-05
-4.91778e-05
-4.91822e-05
-4.91866e-05
-4.91871e-05
-4.91910e-05
-4.91954e-05
-4.91998e-05
-4.92042e-05
-4.92086e-05
-4.92103e-05
-4.92130e-05
-4.92174e-05
-4.92218e-05
-4.92262e-05
-4.92306e-05
-4.92336e-05
-4.92350e-05
-4.92394e-05
-4.92438e-05
-4.92483e-05
-4.92527e-05
-4.92570e-05
-4.92571e-05
-4.92615e-05
-4.92659e-05
-4.92704e-05
-4.92748e-05
-4.92792e-05
-4.92804e-05
-4.92836e-05
-4.92881e-05
-4.92925e-05
-4.92969e-05
-4.93014e-05
-4.93040e-05
-4.93058e-05
-4.93102e-05
-4.93147e-05
-4.93191e-05
-4.93235e-05
-4.93277e-05
-4.93280e-05
-4.93324e-05
-4.93369e-05
-4.93413e-05
-4.93458e-05
-4.93502e-05
-4.93514e-05
-4.93547e-05
-4.93591e-05
-4.93636e-05
-4.93680e-05
-4.93725e-05
-4.93753e-05
-4.93769e-05
-4.93814e-05
-4.93859e-05
-4.93903e-05
-4.93948e-05
-4.93992e-05
-4.93993e-05
-4.94037e-05
-4.94082e-05
-4.94127e-05
-4.94171e-05
-4.94216e-05
-4.94233e-05
-4.94261e-05
-4.94305e-05
-4.94350e-05
-4.94395e-05
-4.94440e-05
-4.94474e-05
-4.94485e-05
-4.94529e-05
-4.94574e-05
-4.94619e-05
-4.94664e-05
-4.94709e-05
-4.94717e-05
-4.94754e-05
-4.94799e-05
-4.94844e-05
-4.94888e-05
-4.94933e-05
-4.94960e-05
-4.94978e-05
-4.95023e-05
-4.95068e-05
-4.95113e-05
-4.95158e-05
-4.95203e-05
-4.95205e-05
-4.95248e-05
-4.95293e-05
-4.95339e-05
-4.95384e-05
-4.95429e-05
-4.95450e-05
-4.95474e-05
-4.95519e-05
-4.95564e-05
-4.95609e-05
-4.95654e-05
-4.95697e-05
-4.95700e-05
-4.95745e-05
-4.95790e-05
-4.95835e-05
-4.95880e-05
-4.95926e-05
-4.95944e-05
-4.95971e-05
-4.96016e-05
-4.96062e-05
-4.96107e-05
-4.96152e-05
-4.96193e-05
-4.96198e-05
-4.96243e-05
-4.96288e-05
-4.96334e-05
-4.96379e-05
-4.96425e-05
-4.96442e-05
-4.96470e-05
-4.96515e-05
-4.96561e-05
-4.96606e-05
-4.96652e-05
-4.96693e-05
-4.96697e-05
-4.96743e-05
-4.96788e-05
-4.96834e-05
-4.96879e-05
-4.96925e-05
-4.96945e-05
-4.96971e-05
-4.97016e-05
-4.97062e-05
-4.97107e-05
-4.97153e-05
-4.97198e-05
-4.97199e-05
-4.97244e-05
-4.97290e-05
-4.97336e-05
-4.97381e-05
-4.97427e-05
-4.97452e-05
-4.97473e-05
-4.97519e-05
-4.97564e-05
-4.97610e-05
-4.97656e-05
-4.97702e-05
-4.97707e-05
-4.97748e-05
-4.97794e-05
-4.97839e-05
-4.97885e-05
-4.97931e-05
-4.97964e-05
-4.97977e-05
-4.98023e-05
-4.98069e-05
-4.98115e-05
-4.98161e-05
-4.98207e-05
-4.98221e-05
-4.98253e-05
-4.98299e-05
-4.98345e-05
-4.98391e-05
-4.98437e-05
-4.98480e-05
-4.98483e-05
-4.98529e-05
-4.98575e-05
-4.98621e-05
-4.98667e-05
-4.98714e-05
-4.98740e-05
-4.98760e-05
-4.98806e-05
-4.98852e-05
-4.98898e-05
-4.98944e-05
-4.98991e-05
-4.99001e-05
-4.99037e-05
-4.99083e-05
-4.99129e-05
-4.99176e-05
-4.99222e-05
-4.99263e-05
-4.99268e-05
-4.99315e-05
-4.99361e-05
-4.99407e-05
-4.99454e-05
-4.99500e-05
-4.99527e-05
-4.99546e-05
-4.99593e-05
-4.99639e-05
-4.99686e-05
-4.99732e-05
-4.99779e-05
-4.99791e-05
-4.99825e-05
-4.99872e-05
-4.99918e-05
-4.99965e-05
-5.00011e-05
-5.00057e-05
-5.00058e-05
-5.00104e-05
-5.00151e-05
-5.00198e-05
-5.00244e-05
-5.00291e-05
-5.00325e-05
-5.00337e-05
-5.00384e-05
-5.00431e-05
-5.00478e-05
-5.00524e-05
-5.00571e-05
-5.00593e-05
-5.00618e-05
-5.00664e-05
-5.00711e-05
-5.00758e-05
-5.00805e-05
-5.00852e-05
-5.00863e-05
-5.00898e-05
-5.00945e-05
-5.00992e-05
-5.01039e-05
-5.01086e-05
-5.01133e-05
-5.01134e-05
-5.01180e-05
-5.01227e-05
-5.01274e-05
-5.01320e-05
-5.01367e-05
-5.01406e-05
-5.01414e-05
-5.01461e-05
-5.01508e-05
-5.01555e-05
-5.01603e-05
-5.01650e-05
-5.01680e-05
-5.01697e-05
-5.01744e-05
-5.01791e-05
-5.01838e-05
-5.01885e-05
-5.01932e-05
-5.01955e-05
-5.01979e-05
-5.02027e-05
-5.02074e-05
-5.02121e-05
-5.02168e-05
-5.02215e-05
-5.02232e-05
-5.02263e-05
-5.02310e-05
-5.02357e-05
-5.02405e-05
-5.02452e-05
-5.02499e-05
-5.02510e-05
-5.02547e-05
-5.02594e-05
-5.02641e-05
-5.02689e-05
-5.02736e-05
-5.02783e-05
-5.02789e-05
-5.02831e-05
-5.02878e-05
-5.02926e-05
-5.02973e-05
-5.03021e-05
-5.03068e-05
-5.03069e-05
-5.03116e-05
-5.03163e-05
-5.03211e-05
-5.03258e-05
-5.03306e-05
-5.03351e-05
-5.03353e-05
-5.03401e-05
-5.03449e-05
-5.03496e-05
-5.03544e-05
-5.03592e-05
-5.03635e-05
-5.03639e-05
-5.03687e-05
-5.03735e-05
-5.03782e-05
-5.03830e-05
-5.03878e-05
-5.03920e-05
-5.03925e-05
-5.03973e-05
-5.04021e-05
-5.04069e-05
-5.04117e-05
-5.04164e-05
-5.04206e-05
-5.04212e-05
-5.04260e-05
-5.04308e-05
-5.04356e-05
-5.04404e-05
-5.04452e-05
-5.04494e-05
-5.04500e-05
-5.04547e-05
-5.04595e-05
-5.04643e-05
-5.04691e-05
-5.04739e-05
-5.04783e-05
-5.04787e-05
-5.04835e-05
-5.04883e-05
-5.04931e-05
-5.04979e-05
-5.05027e-05
-5.05074e-05
-5.05076e-05
-5.05124e-05
-5.05172e-05
-5.05220e-05
-5.05268e-05
-5.05316e-05
-5.05364e-05
-5.05366e-05
-5.05412e-05
-5.05461e-05
-5.05509e-05
-5.05557e-05
-5.05605e-05
-5.05653e-05
-5.05660e-05
-5.05702e-05
-5.05750e-05
-5.05798e-05
-5.05846e-05
-5.05895e-05
-5.05943e-05
-5.05955e-05
-5.05991e-05
-5.06040e-05
-5.06088e-05
-5.06136e-05
-5.06185e-05
-5.06233e-05
-5.06252e-05
-5.06281e-05
-5.06330e-05
-5.06378e-05
-5.06427e-05
-5.06475e-05
-5.06524e-05
-5.06550e-05
-5.06572e-05
-5.06620e-05
-5.06669e-05
-5.06717e-05
-5.06766e-05
-5.06814e-05
-5.06850e-05
-5.06863e-05
-5.06911e-05
-5.06960e-05
-5.07009e-05
-5.07057e-05
-5.07106e-05
-5.07151e-05
-5.07154e-05
-5.07203e-05
-5.07251e-05
-5.07300e-05
-5.07349e-05
-5.07397e-05
-5.07446e-05
-5.07454e-05
-5.07495e-05
-5.07543e-05
-5.07592e-05
-5.07641e-05
-5.07689e-05
-5.07738e-05
-5.07758e-05
-5.07787e-05
-5.07836e-05
-5.07884e-05
-5.07933e-05
-5.07982e-05
-5.08031e-05
-5.08064e-05
-5.08079e-05
-5.08128e-05
-5.08177e-05
-5.08226e-05
-5.08275e-05
-5.08323e-05
-5.08372e-05
-5.08372e-05
-5.08421e-05
-5.08470e-05
-5.08519e-05
-5.08568e-05
-5.08616e-05
-5.08665e-05
-5.08681e-05
-5.08714e-05
-5.08763e-05
-5.08812e-05
-5.08861e-05
-5.08910e-05
-5.08959e-05
-5.08991e-05
-5.09008e-05
-5.09057e-05
-5.09106e-05
-5.09154e-05
-5.09203e-05
-5.09252e-05
-5.09301e-05
-5.09303e-05
-5.09350e-05
-5.09399e-05
-5.09448e-05
-5.09497e-05
-5.09546e-05
-5.09595e-05
-5.09617e-05
-5.09644e-05
-5.09693e-05
-5.09742e-05
-5.09791e-05
-5.09840e-05
-5.09890e-05
-5.09932e-05
-5.09939e-05
-5.09988e-05
-5.10037e-05
-5.10086e-05
-5.10135e-05
-5.10184e-05
-5.10233e-05
-5.10249e-05
-5.10282e-05
-5.10331e-05
-5.10380e-05
-5.10429e-05
-5.10478e-05
-5.10528e-05
-5.10567e-05
-5.10577e-05
-5.10626e-05
-5.10675e-05
-5.10724e-05
-5.10773e-05
-5.10822e-05
-5.10871e-05
-5.10887e-05
-5.10920e-05
-5.10970e-05
-5.11019e-05
-5.11068e-05
-5.11117e-05
-5.11166e-05
-5.11208e-05
-5.11215e-05
-5.11264e-05
-5.11314e-05
-5.11363e-05
-5.11412e-05
-5.11461e-05
-5.11510e-05
-5.11531e-05
-5.11559e-05
-5.11608e-05
-5.11658e-05
-5.11707e-05
-5.11756e-05
-5.11805e-05
-5.11854e-05
-5.11855e-05
-5.11903e-05
-5.11952e-05
-5.12002e-05
-5.12051e-05
-5.12100e-05
-5.12149e-05
-5.12180e-05
-5.12198e-05
-5.12247e-05
-5.12296e-05
-5.12346e-05
-5.12395e-05
-5.12444e-05
-5.12493e-05
-5.12507e-05
-5.12542e-05
-5.12591e-05
-5.12640e-05
-5.12689e-05
-5.12739e-05
-5.12788e-05
-5.12836e-05
-5.12837e-05
-5.12886e-05
-5.12935e-05
-5.12984e-05
-5.13033e-05
-5.13082e-05
-5.13131e-05
-5.13165e-05
-5.13180e-05
-5.13229e-05
-5.13279e-05
-5.13328e-05
-5.13377e-05
-5.13426e-05
-5.13475e-05
-5.13496e-05
-5.13524e-05
-5.13573e-05
-5.13622e-05
-5.13671e-05
-5.13720e-05
-5.13769e-05
-5.13818e-05
-5.13829e-05
-5.13867e-05
-5.13916e-05
-5.13965e-05
-5.14014e-05
-5.14063e-05
-5.14112e-05
-5.14160e-05
-5.14162e-05
-5.14209e-05
-5.14258e-05
-5.14307e-05
-5.14356e-05
-5.14405e-05
-5.14454e-05
-5.14497e-05
-5.14503e-05
-5.14551e-05
-5.14600e-05
-5.14649e-05
-5.14698e-05
-5.14747e-05
-5.14795e-05
-5.14833e-05
-5.14844e-05
-5.14893e-05
-5.14942e-05
-5.14990e-05
-5.15039e-05
-5.15088e-05
-5.15137e-05
-5.15170e-05
-5.15185e-05
-5.15234e-05
-5.15283e-05
-5.15331e-05
-5.15380e-05
-5.15428e-05
-5.15477e-05
-5.15508e-05
-5.15526e-05
-5.15574e-05
-5.15623e-05
-5.15671e-05
-5.15720e-05
-5.15768e-05
-5.15817e-05
-5.15847e-05
