SF_Version 0.9.3
19-Aug-2024 12:30:30
Temp(K) Pressure(MPa) Temp(K) Pressure(MPa)  Points 
277.4671 725.0000 239.8602 179.0000 1469.0000
###########################################################
DV (m^3/kg)
4.43898e-05
4.44206e-05
4.44514e-05
4.44822e-05
4.44883e-05
4.45131e-05
4.45440e-05
4.45749e-05
4.46058e-05
4.46349e-05
4.46367e-05
4.46677e-05
4.46987e-05
4.47297e-05
4.47607e-05
4.47815e-05
4.47918e-05
4.48228e-05
4.48539e-05
4.48850e-05
4.49162e-05
4.49281e-05
4.49473e-05
4.49785e-05
4.50097e-05
4.50409e-05
4.50721e-05
4.50747e-05
4.51034e-05
4.51347e-05
4.51660e-05
4.51973e-05
4.52213e-05
4.52287e-05
4.52600e-05
4.52914e-05
4.53228e-05
4.53543e-05
4.53678e-05
4.53857e-05
4.54172e-05
4.54487e-05
4.54802e-05
4.55118e-05
4.55144e-05
4.55434e-05
4.55749e-05
4.56066e-05
4.56382e-05
4.56609e-05
4.56699e-05
4.57015e-05
4.57332e-05
4.57650e-05
4.57967e-05
4.58075e-05
4.58285e-05
4.58603e-05
4.58921e-05
4.59239e-05
4.59540e-05
4.59558e-05
4.59877e-05
4.60196e-05
4.60515e-05
4.60835e-05
4.61006e-05
4.61154e-05
4.61474e-05
4.61795e-05
4.62115e-05
4.62436e-05
4.62471e-05
4.62757e-05
4.63078e-05
4.63399e-05
4.63721e-05
4.63937e-05
4.64043e-05
4.64365e-05
4.64687e-05
4.65010e-05
4.65333e-05
4.65403e-05
4.65656e-05
4.65979e-05
4.66302e-05
4.66626e-05
4.66869e-05
4.66950e-05
4.67275e-05
4.67599e-05
4.67924e-05
4.68249e-05
4.68335e-05
4.68574e-05
4.68900e-05
4.69225e-05
4.69551e-05
4.69802e-05
4.69878e-05
4.70204e-05
4.70531e-05
4.70858e-05
4.71185e-05
4.71269e-05
4.71512e-05
4.71840e-05
4.72168e-05
4.72496e-05
4.72736e-05
4.72825e-05
4.73154e-05
4.73483e-05
4.73812e-05
4.74142e-05
4.74203e-05
4.74471e-05
4.74801e-05
4.75132e-05
4.75462e-05
4.75671e-05
4.75793e-05
4.76124e-05
4.76456e-05
4.76787e-05
4.77119e-05
4.77140e-05
4.77451e-05
4.77784e-05
4.78116e-05
4.78449e-05
4.78609e-05
4.78783e-05
4.79116e-05
4.79450e-05
4.79784e-05
4.80078e-05
4.80118e-05
4.80453e-05
4.80788e-05
4.81123e-05
4.81458e-05
4.81548e-05
4.81794e-05
4.82130e-05
4.82466e-05
4.82802e-05
4.83019e-05
4.83139e-05
4.83476e-05
4.83814e-05
4.84151e-05
4.84489e-05
4.84490e-05
4.84827e-05
4.85166e-05
4.85504e-05
4.85843e-05
4.85962e-05
4.86182e-05
4.86522e-05
4.86862e-05
4.87202e-05
4.87435e-05
4.87542e-05
4.87883e-05
4.88224e-05
4.88565e-05
4.88907e-05
4.88908e-05
4.89248e-05
4.89590e-05
4.89933e-05
4.90276e-05
4.90381e-05
4.90618e-05
4.90962e-05
4.91305e-05
4.91649e-05
4.91856e-05
4.91993e-05
4.92337e-05
4.92682e-05
4.93027e-05
4.93331e-05
4.93372e-05
4.93718e-05
4.94063e-05
4.94409e-05
4.94756e-05
4.94806e-05
4.95102e-05
4.95449e-05
4.95796e-05
4.96144e-05
4.96283e-05
4.96492e-05
4.96840e-05
4.97188e-05
4.97537e-05
4.97759e-05
4.97886e-05
4.98235e-05
4.98585e-05
4.98934e-05
4.99237e-05
4.99285e-05
4.99635e-05
4.99986e-05
5.00337e-05
5.00688e-05
5.00715e-05
5.01039e-05
5.01391e-05
5.01743e-05
5.02096e-05
5.02193e-05
5.02449e-05
5.02802e-05
5.03155e-05
5.03508e-05
5.03673e-05
5.03862e-05
5.04217e-05
5.04571e-05
5.04926e-05
5.05152e-05
5.05281e-05
5.05636e-05
5.05992e-05
5.06348e-05
5.06633e-05
5.06704e-05
5.07061e-05
5.07418e-05
5.07775e-05
5.08114e-05
5.08132e-05
5.08490e-05
5.08848e-05
5.09206e-05
5.09565e-05
5.09595e-05
5.09924e-05
5.10283e-05
5.10643e-05
5.11003e-05
5.11077e-05
5.11363e-05
5.11723e-05
5.12084e-05
5.12445e-05
5.12560e-05
5.12807e-05
5.13168e-05
5.13531e-05
5.13893e-05
5.14043e-05
5.14255e-05
5.14618e-05
5.14982e-05
5.15345e-05
5.15528e-05
5.15709e-05
5.16073e-05
5.16438e-05
5.16803e-05
5.17012e-05
5.17168e-05
5.17533e-05
5.17899e-05
5.18265e-05
5.18498e-05
5.18632e-05
5.18998e-05
5.19365e-05
5.19733e-05
5.19984e-05
5.20100e-05
5.20468e-05
5.20837e-05
5.21205e-05
5.21471e-05
5.21574e-05
5.21944e-05
5.22313e-05
5.22683e-05
5.22959e-05
5.23054e-05
5.23424e-05
5.23795e-05
5.24166e-05
5.24447e-05
5.24538e-05
5.24910e-05
5.25282e-05
5.25655e-05
5.25937e-05
5.26028e-05
5.26401e-05
5.26775e-05
5.27149e-05
5.27427e-05
5.27523e-05
5.27898e-05
5.28272e-05
5.28648e-05
5.28918e-05
5.29023e-05
5.29399e-05
5.29776e-05
5.30152e-05
5.30410e-05
5.30529e-05
5.30907e-05
5.31284e-05
5.31663e-05
5.31903e-05
5.32041e-05
5.32420e-05
5.32799e-05
5.33178e-05
5.33397e-05
5.33558e-05
5.33938e-05
5.34319e-05
5.34699e-05
5.34892e-05
5.35081e-05
5.35462e-05
5.35844e-05
5.36226e-05
5.36388e-05
5.36609e-05
5.36992e-05
5.37375e-05
5.37759e-05
5.37885e-05
5.38143e-05
5.38527e-05
5.38912e-05
5.39297e-05
5.39383e-05
5.39682e-05
5.40068e-05
5.40454e-05
5.40841e-05
5.40881e-05
5.41228e-05
5.41615e-05
5.42002e-05
5.42381e-05
5.42390e-05
5.42779e-05
5.43167e-05
5.43556e-05
5.43881e-05
5.43946e-05
5.44335e-05
5.44726e-05
5.45116e-05
5.45383e-05
5.45507e-05
5.45898e-05
5.46290e-05
5.46682e-05
5.46886e-05
5.47074e-05
5.47467e-05
5.47860e-05
5.48253e-05
5.48389e-05
5.48647e-05
5.49041e-05
5.49436e-05
5.49830e-05
5.49893e-05
5.50226e-05
5.50621e-05
5.51017e-05
5.51399e-05
5.51414e-05
5.51810e-05
5.52208e-05
5.52605e-05
5.52905e-05
5.53003e-05
5.53401e-05
5.53800e-05
5.54199e-05
5.54412e-05
5.54598e-05
5.54998e-05
5.55398e-05
5.55799e-05
5.55921e-05
5.56199e-05
5.56601e-05
5.57002e-05
5.57404e-05
5.57430e-05
5.57807e-05
5.58210e-05
5.58613e-05
5.58940e-05
5.59016e-05
5.59420e-05
5.59825e-05
5.60229e-05
5.60451e-05
5.60634e-05
5.61040e-05
5.61446e-05
5.61852e-05
5.61963e-05
5.62259e-05
5.62666e-05
5.63073e-05
5.63476e-05
5.63481e-05
5.63889e-05
5.64298e-05
5.64707e-05
5.64990e-05
5.65116e-05
5.65526e-05
5.65936e-05
5.66346e-05
5.66505e-05
5.66757e-05
5.67169e-05
5.67580e-05
5.67993e-05
5.68021e-05
5.68405e-05
5.68818e-05
5.69231e-05
5.69538e-05
5.69645e-05
5.70059e-05
5.70474e-05
5.70889e-05
5.71056e-05
5.71304e-05
5.71720e-05
5.72136e-05
5.72552e-05
5.72575e-05
5.72969e-05
5.73387e-05
5.73804e-05
5.74095e-05
5.74223e-05
5.74641e-05
5.75060e-05
5.75480e-05
5.75616e-05
5.75899e-05
5.76320e-05
5.76740e-05
5.77139e-05
5.77161e-05
5.77583e-05
5.78005e-05
5.78427e-05
5.78662e-05
5.78850e-05
5.79273e-05
5.79696e-05
5.80120e-05
5.80186e-05
5.80544e-05
5.80969e-05
5.81394e-05
5.81711e-05
5.81820e-05
5.82246e-05
5.82673e-05
5.83099e-05
5.83237e-05
5.83527e-05
5.83954e-05
5.84383e-05
5.84764e-05
5.84811e-05
5.85240e-05
5.85670e-05
5.86099e-05
5.86292e-05
5.86530e-05
5.86960e-05
5.87392e-05
5.87822e-05
5.87823e-05
5.88255e-05
5.88688e-05
5.89120e-05
5.89352e-05
5.89554e-05
5.89987e-05
5.90422e-05
5.90856e-05
5.90883e-05
5.91291e-05
5.91727e-05
5.92163e-05
5.92416e-05
5.92599e-05
5.93036e-05
5.93473e-05
5.93911e-05
5.93950e-05
5.94349e-05
5.94787e-05
5.95227e-05
5.95484e-05
5.95666e-05
5.96106e-05
5.96546e-05
5.96987e-05
5.97020e-05
5.97428e-05
5.97870e-05
5.98312e-05
5.98557e-05
5.98755e-05
5.99198e-05
5.99641e-05
6.00085e-05
6.00095e-05
6.00530e-05
6.00975e-05
6.01420e-05
6.01634e-05
6.01866e-05
6.02312e-05
6.02759e-05
6.03174e-05
6.03206e-05
6.03653e-05
6.04101e-05
6.04550e-05
6.04715e-05
6.04999e-05
6.05449e-05
6.05898e-05
6.06258e-05
6.06349e-05
6.06800e-05
6.07251e-05
6.07703e-05
6.07801e-05
6.08155e-05
6.08608e-05
6.09061e-05
6.09346e-05
6.09515e-05
6.09969e-05
6.10424e-05
6.10879e-05
6.10892e-05
6.11335e-05
6.11791e-05
6.12247e-05
6.12439e-05
6.12704e-05
6.13162e-05
6.13620e-05
6.13988e-05
6.14078e-05
6.14537e-05
6.14997e-05
6.15457e-05
6.15537e-05
6.15917e-05
6.16378e-05
6.16840e-05
6.17088e-05
6.17302e-05
6.17764e-05
6.18227e-05
6.18640e-05
6.18690e-05
6.19154e-05
6.19619e-05
6.20084e-05
6.20193e-05
6.20549e-05
6.21015e-05
6.21481e-05
6.21748e-05
6.21948e-05
6.22416e-05
6.22883e-05
6.23303e-05
6.23352e-05
6.23821e-05
6.24290e-05
6.24760e-05
6.24860e-05
6.25231e-05
6.25702e-05
6.26173e-05
6.26419e-05
6.26645e-05
6.27118e-05
6.27591e-05
6.27978e-05
6.28064e-05
6.28538e-05
6.29013e-05
6.29488e-05
6.29539e-05
6.29963e-05
6.30440e-05
6.30916e-05
6.31101e-05
6.31393e-05
6.31871e-05
6.32349e-05
6.32665e-05
6.32828e-05
6.33307e-05
6.33787e-05
6.34229e-05
6.34267e-05
6.34748e-05
6.35230e-05
6.35712e-05
6.35795e-05
6.36194e-05
6.36677e-05
6.37161e-05
6.37363e-05
6.37645e-05
6.38129e-05
6.38614e-05
6.38931e-05
6.39100e-05
6.39586e-05
6.40073e-05
6.40501e-05
6.40560e-05
6.41048e-05
6.41537e-05
6.42026e-05
6.42072e-05
6.42515e-05
6.43005e-05
6.43496e-05
6.43645e-05
6.43987e-05
6.44479e-05
6.44971e-05
6.45219e-05
6.45464e-05
6.45957e-05
6.46451e-05
6.46794e-05
6.46945e-05
6.47440e-05
6.47936e-05
6.48371e-05
6.48432e-05
6.48929e-05
6.49426e-05
6.49924e-05
6.49949e-05
6.50422e-05
6.50921e-05
6.51421e-05
6.51528e-05
6.51921e-05
6.52421e-05
6.52923e-05
6.53109e-05
6.53424e-05
6.53927e-05
6.54430e-05
6.54691e-05
6.54933e-05
6.55437e-05
6.55942e-05
6.56274e-05
6.56447e-05
6.56953e-05
6.57460e-05
6.57859e-05
6.57967e-05
6.58474e-05
6.58982e-05
6.59445e-05
6.59491e-05
6.60000e-05
6.60510e-05
6.61021e-05
6.61032e-05
6.61532e-05
6.62044e-05
6.62556e-05
6.62621e-05
6.63069e-05
6.63582e-05
6.64096e-05
6.64211e-05
6.64611e-05
6.65126e-05
6.65642e-05
6.65803e-05
6.66159e-05
6.66676e-05
6.67193e-05
6.67396e-05
6.67712e-05
6.68231e-05
6.68750e-05
6.68991e-05
6.69270e-05
6.69791e-05
6.70313e-05
6.70587e-05
6.70835e-05
6.71357e-05
6.71880e-05
6.72184e-05
6.72404e-05
6.72929e-05
6.73454e-05
6.73783e-05
6.73979e-05
6.74506e-05
6.75033e-05
6.75383e-05
6.75560e-05
6.76089e-05
6.76618e-05
6.76985e-05
6.77147e-05
6.77677e-05
6.78208e-05
6.78589e-05
6.78739e-05
6.79271e-05
6.79804e-05
6.80193e-05
6.80337e-05
6.80871e-05
6.81406e-05
6.81800e-05
6.81941e-05
6.82477e-05
6.83014e-05
6.83407e-05
6.83551e-05
6.84089e-05
6.84627e-05
6.85017e-05
6.85167e-05
6.85707e-05
6.86247e-05
6.86628e-05
6.86788e-05
6.87330e-05
6.87873e-05
6.88240e-05
6.88416e-05
6.88960e-05
6.89504e-05
6.89854e-05
6.90049e-05
6.90595e-05
6.91142e-05
6.91470e-05
6.91689e-05
6.92237e-05
6.92785e-05
6.93087e-05
6.93335e-05
6.93885e-05
6.94435e-05
6.94705e-05
6.94986e-05
6.95538e-05
6.96091e-05
6.96325e-05
6.96644e-05
6.97199e-05
6.97753e-05
6.97947e-05
6.98309e-05
6.98865e-05
6.99422e-05
6.99571e-05
6.99979e-05
7.00538e-05
7.01097e-05
7.01196e-05
7.01656e-05
7.02217e-05
7.02778e-05
7.02823e-05
7.03340e-05
7.03902e-05
7.04451e-05
7.04465e-05
7.05029e-05
7.05594e-05
7.06081e-05
7.06159e-05
7.06726e-05
7.07292e-05
7.07712e-05
7.07860e-05
7.08428e-05
7.08997e-05
7.09346e-05
7.09567e-05
7.10138e-05
7.10709e-05
7.10981e-05
7.11281e-05
7.11853e-05
7.12427e-05
7.12617e-05
7.13001e-05
7.13576e-05
7.14152e-05
7.14255e-05
7.14728e-05
7.15305e-05
7.15883e-05
7.15895e-05
7.16462e-05
7.17041e-05
7.17537e-05
7.17622e-05
7.18202e-05
7.18784e-05
7.19180e-05
7.19367e-05
7.19950e-05
7.20534e-05
7.20825e-05
7.21119e-05
7.21704e-05
7.22290e-05
7.22472e-05
7.22877e-05
7.23465e-05
7.24054e-05
7.24120e-05
7.24643e-05
7.25233e-05
7.25770e-05
7.25824e-05
7.26416e-05
7.27009e-05
7.27422e-05
7.27602e-05
7.28196e-05
7.28791e-05
7.29076e-05
7.29386e-05
7.29983e-05
7.30580e-05
7.30731e-05
7.31178e-05
7.31777e-05
7.32377e-05
7.32388e-05
7.32977e-05
7.33579e-05
7.34046e-05
7.34181e-05
7.34783e-05
7.35387e-05
7.35707e-05
7.35992e-05
7.36597e-05
7.37203e-05
7.37369e-05
7.37810e-05
7.38418e-05
7.39027e-05
7.39033e-05
7.39636e-05
7.40247e-05
7.40699e-05
7.40858e-05
7.41470e-05
7.42083e-05
7.42367e-05
7.42696e-05
7.43311e-05
7.43926e-05
7.44036e-05
7.44542e-05
7.45159e-05
7.45708e-05
7.45777e-05
7.46396e-05
7.47016e-05
7.47381e-05
7.47636e-05
7.48258e-05
7.48880e-05
7.49056e-05
7.49503e-05
7.50127e-05
7.50733e-05
7.50752e-05
7.51378e-05
7.52005e-05
7.52412e-05
7.52632e-05
7.53261e-05
7.53890e-05
7.54093e-05
7.54520e-05
7.55151e-05
7.55776e-05
7.55783e-05
7.56416e-05
7.57050e-05
7.57460e-05
7.57685e-05
7.58320e-05
7.58957e-05
7.59147e-05
7.59594e-05
7.60232e-05
7.60836e-05
7.60872e-05
7.61512e-05
7.62153e-05
7.62526e-05
7.62795e-05
7.63438e-05
7.64082e-05
7.64219e-05
7.64727e-05
7.65372e-05
7.65913e-05
7.66019e-05
7.66667e-05
7.67315e-05
7.67609e-05
7.67965e-05
7.68615e-05
7.69267e-05
7.69308e-05
7.69919e-05
7.70572e-05
7.71008e-05
7.71226e-05
7.71882e-05
7.72538e-05
7.72711e-05
7.73195e-05
7.73853e-05
7.74415e-05
7.74512e-05
7.75172e-05
7.75833e-05
7.76121e-05
7.76495e-05
7.77158e-05
7.77822e-05
7.77830e-05
7.78487e-05
7.79153e-05
7.79540e-05
7.79819e-05
7.80487e-05
7.81156e-05
7.81252e-05
7.81826e-05
7.82497e-05
7.82967e-05
7.83169e-05
7.83842e-05
7.84516e-05
7.84683e-05
7.85190e-05
7.85866e-05
7.86402e-05
7.86543e-05
7.87221e-05
7.87900e-05
7.88122e-05
7.88580e-05
7.89261e-05
7.89845e-05
7.89943e-05
7.90626e-05
7.91311e-05
7.91570e-05
7.91996e-05
7.92682e-05
7.93297e-05
7.93369e-05
7.94058e-05
7.94747e-05
7.95026e-05
7.95438e-05
7.96129e-05
7.96757e-05
7.96822e-05
7.97515e-05
7.98210e-05
7.98490e-05
7.98906e-05
7.99603e-05
8.00226e-05
8.00301e-05
8.01000e-05
8.01700e-05
8.01963e-05
8.02401e-05
8.03104e-05
8.03703e-05
8.03807e-05
8.04512e-05
8.05217e-05
8.05445e-05
8.05924e-05
8.06632e-05
8.07189e-05
8.07341e-05
8.08051e-05
8.08762e-05
8.08936e-05
8.09475e-05
8.10188e-05
8.10684e-05
8.10903e-05
8.11619e-05
8.12336e-05
8.12435e-05
8.13054e-05
8.13773e-05
8.14189e-05
8.14494e-05
8.15215e-05
8.15938e-05
8.15944e-05
8.16662e-05
8.17387e-05
8.17702e-05
8.18113e-05
8.18841e-05
8.19462e-05
8.19569e-05
8.20299e-05
8.21030e-05
8.21225e-05
8.21762e-05
8.22496e-05
8.22989e-05
8.23230e-05
8.23966e-05
8.24703e-05
8.24757e-05
8.25442e-05
8.26181e-05
8.26526e-05
8.26922e-05
8.27664e-05
8.28298e-05
8.28407e-05
8.29152e-05
8.29897e-05
8.30072e-05
8.30644e-05
8.31392e-05
8.31849e-05
8.32142e-05
8.32893e-05
8.33628e-05
8.33644e-05
8.34398e-05
8.35152e-05
8.35410e-05
8.35908e-05
8.36665e-05
8.37194e-05
8.37423e-05
8.38183e-05
8.38944e-05
8.38981e-05
8.39706e-05
8.40470e-05
8.40770e-05
8.41235e-05
8.42001e-05
8.42561e-05
8.42768e-05
8.43537e-05
8.44307e-05
8.44355e-05
8.45079e-05
8.45851e-05
8.46152e-05
8.46626e-05
8.47401e-05
8.47951e-05
8.48178e-05
8.48956e-05
8.49736e-05
8.49752e-05
8.50516e-05
8.51299e-05
8.51556e-05
8.52082e-05
8.52867e-05
8.53363e-05
8.53654e-05
8.54441e-05
8.55172e-05
8.55231e-05
8.56021e-05
8.56813e-05
8.56984e-05
8.57606e-05
8.58401e-05
8.58798e-05
8.59197e-05
8.59995e-05
8.60615e-05
8.60794e-05
8.61594e-05
8.62396e-05
8.62435e-05
8.63199e-05
8.64004e-05
8.64257e-05
8.64810e-05
8.65618e-05
8.66082e-05
8.66427e-05
8.67237e-05
8.67909e-05
8.68049e-05
8.68863e-05
8.69678e-05
8.69739e-05
8.70494e-05
8.71312e-05
8.71572e-05
8.72131e-05
8.72952e-05
8.73407e-05
8.73775e-05
8.74599e-05
8.75245e-05
8.75424e-05
8.76251e-05
8.77079e-05
8.77086e-05
8.77909e-05
8.78741e-05
8.78930e-05
8.79574e-05
8.80409e-05
8.80776e-05
8.81245e-05
8.82083e-05
8.82625e-05
8.82922e-05
8.83763e-05
8.84477e-05
8.84605e-05
8.85449e-05
8.86295e-05
8.86331e-05
8.87142e-05
8.87991e-05
8.88189e-05
8.88842e-05
8.89694e-05
8.90049e-05
8.90547e-05
8.91403e-05
8.91912e-05
8.92260e-05
8.93118e-05
8.93778e-05
8.93978e-05
8.94840e-05
8.95646e-05
8.95704e-05
8.96569e-05
8.97436e-05
8.97518e-05
8.98305e-05
8.99175e-05
8.99392e-05
9.00047e-05
9.00921e-05
9.01270e-05
9.01796e-05
9.02673e-05
9.03150e-05
9.03552e-05
9.04433e-05
9.05034e-05
9.05315e-05
9.06199e-05
9.06920e-05
9.07085e-05
9.07972e-05
9.08809e-05
9.08862e-05
9.09753e-05
9.10646e-05
9.10702e-05
9.11540e-05
9.12437e-05
9.12597e-05
9.13335e-05
9.14235e-05
9.14495e-05
9.15137e-05
9.16041e-05
9.16397e-05
9.16946e-05
9.17854e-05
9.18301e-05
9.18763e-05
9.19674e-05
9.20209e-05
9.20587e-05
9.21502e-05
9.22119e-05
9.22419e-05
9.23337e-05
9.24033e-05
9.24258e-05
9.25180e-05
9.25950e-05
9.26105e-05
9.27031e-05
9.27870e-05
9.27959e-05
9.28889e-05
9.29794e-05
9.29821e-05
9.30755e-05
9.31691e-05
9.31720e-05
9.32629e-05
9.33569e-05
9.33650e-05
9.34511e-05
9.35455e-05
9.35583e-05
9.36401e-05
9.37349e-05
9.37519e-05
9.38299e-05
9.39251e-05
9.39459e-05
9.40205e-05
9.41161e-05
9.41402e-05
9.42119e-05
9.43080e-05
9.43348e-05
9.44042e-05
9.45006e-05
9.45298e-05
9.45973e-05
9.46942e-05
9.47251e-05
9.47912e-05
9.48885e-05
9.49207e-05
9.49860e-05
9.50838e-05
9.51167e-05
9.51817e-05
9.52799e-05
9.53130e-05
9.53782e-05
9.54768e-05
9.55097e-05
9.55756e-05
9.56747e-05
9.57067e-05
9.57739e-05
9.58734e-05
9.59041e-05
9.59731e-05
9.60731e-05
9.61019e-05
9.61733e-05
9.62736e-05
9.63000e-05
9.63743e-05
9.64751e-05
9.64985e-05
9.65762e-05
9.66775e-05
9.66973e-05
9.67791e-05
9.68809e-05
9.68965e-05
9.69829e-05
9.70852e-05
9.70961e-05
9.71877e-05
9.72905e-05
9.72960e-05
9.73934e-05
9.74964e-05
9.74967e-05
9.76002e-05
9.76971e-05
9.77039e-05
9.78079e-05
9.78981e-05
9.79121e-05
9.80166e-05
9.80996e-05
9.81213e-05
9.82263e-05
9.83015e-05
9.83315e-05
9.84370e-05
9.85037e-05
9.85428e-05
9.86488e-05
9.87064e-05
9.87550e-05
9.88616e-05
9.89095e-05
9.89684e-05
9.90754e-05
9.91129e-05
9.91827e-05
9.92903e-05
9.93168e-05
9.93982e-05
9.95063e-05
9.95211e-05
9.96147e-05
9.97234e-05
9.97258e-05
9.98324e-05
9.99309e-05
9.99416e-05
1.00051e-04
1.00136e-04
1.00161e-04
1.00271e-04
1.00342e-04
1.00381e-04
1.00492e-04
1.00549e-04
1.00603e-04
1.00714e-04
1.00756e-04
1.00826e-04
1.00938e-04
1.00963e-04
1.01050e-04
1.01162e-04
1.01171e-04
1.01275e-04
1.01379e-04
1.01388e-04
1.01501e-04
1.01587e-04
1.01615e-04
1.01729e-04
1.01797e-04
1.01843e-04
1.01957e-04
1.02006e-04
1.02072e-04
1.02187e-04
1.02216e-04
1.02303e-04
1.02418e-04
1.02426e-04
1.02535e-04
1.02637e-04
1.02651e-04
1.02768e-04
1.02849e-04
1.02885e-04
1.03002e-04
1.03061e-04
1.03120e-04
1.03238e-04
1.03273e-04
1.03356e-04
1.03475e-04
1.03486e-04
1.03594e-04
1.03699e-04
1.03714e-04
1.03833e-04
1.03913e-04
1.03953e-04
1.04074e-04
1.04127e-04
1.04195e-04
1.04316e-04
1.04342e-04
1.04437e-04
1.04557e-04
1.04559e-04
1.04681e-04
1.04773e-04
1.04804e-04
1.04927e-04
1.04989e-04
1.05050e-04
1.05174e-04
1.05206e-04
1.05298e-04
1.05422e-04
1.05424e-04
1.05547e-04
1.05642e-04
1.05672e-04
1.05797e-04
1.05860e-04
1.05923e-04
1.06050e-04
1.06079e-04
1.06176e-04
1.06298e-04
1.06303e-04
1.06431e-04
1.06518e-04
1.06559e-04
1.06687e-04
1.06739e-04
1.06815e-04
1.06944e-04
1.06960e-04
1.07074e-04
1.07182e-04
1.07204e-04
1.07334e-04
1.07404e-04
1.07465e-04
1.07596e-04
1.07627e-04
1.07727e-04
1.07850e-04
1.07859e-04
1.07992e-04
1.08074e-04
1.08124e-04
1.08258e-04
1.08299e-04
1.08391e-04
1.08524e-04
1.08526e-04
1.08660e-04
1.08750e-04
1.08795e-04
1.08931e-04
1.08976e-04
1.09066e-04
