SF_Version 0.9.3
19-Aug-2024 12:30:30
Temp(K) Pressure(MPa) Temp(K) Pressure(MPa)  Points 
357.0233 2300.0000 270.0000 596.3811 4279.0000
###########################################################
DV (m^3/kg)
3.52286e-05
3.52360e-05
3.52397e-05
3.52435e-05
3.52510e-05
3.52585e-05
3.52660e-05
3.52735e-05
3.52810e-05
3.52877e-05
3.52884e-05
3.52959e-05
3.53034e-05
3.53109e-05
3.53184e-05
3.53259e-05
3.53334e-05
3.53357e-05
3.53409e-05
3.53484e-05
3.53559e-05
3.53634e-05
3.53709e-05
3.53784e-05
3.53837e-05
3.53859e-05
3.53935e-05
3.54010e-05
3.54085e-05
3.54160e-05
3.54235e-05
3.54310e-05
3.54316e-05
3.54386e-05
3.54461e-05
3.54536e-05
3.54611e-05
3.54687e-05
3.54762e-05
3.54796e-05
3.54837e-05
3.54912e-05
3.54988e-05
3.55063e-05
3.55138e-05
3.55214e-05
3.55276e-05
3.55289e-05
3.55365e-05
3.55440e-05
3.55516e-05
3.55591e-05
3.55666e-05
3.55742e-05
3.55756e-05
3.55817e-05
3.55893e-05
3.55969e-05
3.56044e-05
3.56120e-05
3.56195e-05
3.56235e-05
3.56271e-05
3.56346e-05
3.56422e-05
3.56498e-05
3.56573e-05
3.56649e-05
3.56715e-05
3.56725e-05
3.56801e-05
3.56876e-05
3.56952e-05
3.57028e-05
3.57104e-05
3.57180e-05
3.57195e-05
3.57255e-05
3.57331e-05
3.57407e-05
3.57483e-05
3.57559e-05
3.57635e-05
3.57675e-05
3.57711e-05
3.57787e-05
3.57863e-05
3.57939e-05
3.58015e-05
3.58091e-05
3.58155e-05
3.58167e-05
3.58243e-05
3.58319e-05
3.58395e-05
3.58471e-05
3.58547e-05
3.58623e-05
3.58635e-05
3.58699e-05
3.58776e-05
3.58852e-05
3.58928e-05
3.59004e-05
3.59081e-05
3.59115e-05
3.59157e-05
3.59233e-05
3.59309e-05
3.59386e-05
3.59462e-05
3.59538e-05
3.59595e-05
3.59615e-05
3.59691e-05
3.59768e-05
3.59844e-05
3.59921e-05
3.59997e-05
3.60074e-05
3.60076e-05
3.60150e-05
3.60227e-05
3.60303e-05
3.60380e-05
3.60456e-05
3.60533e-05
3.60556e-05
3.60610e-05
3.60686e-05
3.60763e-05
3.60840e-05
3.60916e-05
3.60993e-05
3.61037e-05
3.61070e-05
3.61146e-05
3.61223e-05
3.61300e-05
3.61377e-05
3.61454e-05
3.61517e-05
3.61531e-05
3.61607e-05
3.61684e-05
3.61761e-05
3.61838e-05
3.61915e-05
3.61992e-05
3.61998e-05
3.62069e-05
3.62146e-05
3.62223e-05
3.62300e-05
3.62377e-05
3.62454e-05
3.62479e-05
3.62532e-05
3.62609e-05
3.62686e-05
3.62763e-05
3.62840e-05
3.62917e-05
3.62960e-05
3.62995e-05
3.63072e-05
3.63149e-05
3.63226e-05
3.63304e-05
3.63381e-05
3.63441e-05
3.63458e-05
3.63536e-05
3.63613e-05
3.63691e-05
3.63768e-05
3.63845e-05
3.63923e-05
3.63923e-05
3.64000e-05
3.64078e-05
3.64156e-05
3.64233e-05
3.64311e-05
3.64388e-05
3.64404e-05
3.64466e-05
3.64543e-05
3.64621e-05
3.64699e-05
3.64777e-05
3.64854e-05
3.64886e-05
3.64932e-05
3.65010e-05
3.65088e-05
3.65165e-05
3.65243e-05
3.65321e-05
3.65368e-05
3.65399e-05
3.65477e-05
3.65555e-05
3.65633e-05
3.65711e-05
3.65789e-05
3.65850e-05
3.65867e-05
3.65945e-05
3.66023e-05
3.66101e-05
3.66179e-05
3.66257e-05
3.66332e-05
3.66335e-05
3.66413e-05
3.66491e-05
3.66569e-05
3.66648e-05
3.66726e-05
3.66804e-05
3.66814e-05
3.66882e-05
3.66961e-05
3.67039e-05
3.67117e-05
3.67196e-05
3.67274e-05
3.67297e-05
3.67352e-05
3.67431e-05
3.67509e-05
3.67588e-05
3.67666e-05
3.67745e-05
3.67779e-05
3.67823e-05
3.67902e-05
3.67980e-05
3.68059e-05
3.68138e-05
3.68216e-05
3.68262e-05
3.68295e-05
3.68374e-05
3.68452e-05
3.68531e-05
3.68610e-05
3.68689e-05
3.68746e-05
3.68767e-05
3.68846e-05
3.68925e-05
3.69004e-05
3.69083e-05
3.69162e-05
3.69229e-05
3.69241e-05
3.69320e-05
3.69399e-05
3.69478e-05
3.69557e-05
3.69636e-05
3.69713e-05
3.69715e-05
3.69794e-05
3.69873e-05
3.69952e-05
3.70031e-05
3.70110e-05
3.70190e-05
3.70196e-05
3.70269e-05
3.70348e-05
3.70427e-05
3.70507e-05
3.70586e-05
3.70665e-05
3.70680e-05
3.70745e-05
3.70824e-05
3.70904e-05
3.70983e-05
3.71062e-05
3.71142e-05
3.71165e-05
3.71221e-05
3.71301e-05
3.71380e-05
3.71460e-05
3.71540e-05
3.71619e-05
3.71649e-05
3.71699e-05
3.71779e-05
3.71858e-05
3.71938e-05
3.72018e-05
3.72097e-05
3.72134e-05
3.72177e-05
3.72257e-05
3.72337e-05
3.72417e-05
3.72497e-05
3.72576e-05
3.72619e-05
3.72656e-05
3.72736e-05
3.72816e-05
3.72896e-05
3.72976e-05
3.73056e-05
3.73104e-05
3.73136e-05
3.73216e-05
3.73297e-05
3.73377e-05
3.73457e-05
3.73537e-05
3.73589e-05
3.73617e-05
3.73697e-05
3.73778e-05
3.73858e-05
3.73938e-05
3.74019e-05
3.74075e-05
3.74099e-05
3.74179e-05
3.74260e-05
3.74340e-05
3.74421e-05
3.74501e-05
3.74561e-05
3.74582e-05
3.74662e-05
3.74743e-05
3.74823e-05
3.74904e-05
3.74984e-05
3.75047e-05
3.75065e-05
3.75146e-05
3.75226e-05
3.75307e-05
3.75388e-05
3.75469e-05
3.75533e-05
3.75549e-05
3.75630e-05
3.75711e-05
3.75792e-05
3.75873e-05
3.75954e-05
3.76020e-05
3.76035e-05
3.76116e-05
3.76197e-05
3.76278e-05
3.76359e-05
3.76440e-05
3.76507e-05
3.76521e-05
3.76602e-05
3.76683e-05
3.76764e-05
3.76845e-05
3.76926e-05
3.76994e-05
3.77008e-05
3.77089e-05
3.77170e-05
3.77251e-05
3.77333e-05
3.77414e-05
3.77482e-05
3.77496e-05
3.77577e-05
3.77658e-05
3.77740e-05
3.77821e-05
3.77903e-05
3.77969e-05
3.77984e-05
3.78066e-05
3.78147e-05
3.78229e-05
3.78311e-05
3.78392e-05
3.78457e-05
3.78474e-05
3.78556e-05
3.78637e-05
3.78719e-05
3.78801e-05
3.78883e-05
3.78945e-05
3.78965e-05
3.79046e-05
3.79128e-05
3.79210e-05
3.79292e-05
3.79374e-05
3.79434e-05
3.79456e-05
3.79538e-05
3.79620e-05
3.79702e-05
3.79784e-05
3.79866e-05
3.79923e-05
3.79948e-05
3.80031e-05
3.80113e-05
3.80195e-05
3.80277e-05
3.80359e-05
3.80412e-05
3.80442e-05
3.80524e-05
3.80606e-05
3.80689e-05
3.80771e-05
3.80853e-05
3.80901e-05
3.80936e-05
3.81018e-05
3.81101e-05
3.81183e-05
3.81266e-05
3.81348e-05
3.81391e-05
3.81431e-05
3.81514e-05
3.81596e-05
3.81679e-05
3.81762e-05
3.81844e-05
3.81880e-05
3.81927e-05
3.82010e-05
3.82093e-05
3.82176e-05
3.82258e-05
3.82341e-05
3.82371e-05
3.82424e-05
3.82507e-05
3.82590e-05
3.82673e-05
3.82756e-05
3.82839e-05
3.82861e-05
3.82922e-05
3.83005e-05
3.83088e-05
3.83171e-05
3.83255e-05
3.83338e-05
3.83352e-05
3.83421e-05
3.83504e-05
3.83587e-05
3.83671e-05
3.83754e-05
3.83837e-05
3.83843e-05
3.83921e-05
3.84004e-05
3.84088e-05
3.84171e-05
3.84255e-05
3.84334e-05
3.84338e-05
3.84422e-05
3.84505e-05
3.84589e-05
3.84672e-05
3.84756e-05
3.84826e-05
3.84840e-05
3.84923e-05
3.85007e-05
3.85091e-05
3.85175e-05
3.85258e-05
3.85317e-05
3.85342e-05
3.85426e-05
3.85510e-05
3.85594e-05
3.85678e-05
3.85762e-05
3.85810e-05
3.85846e-05
3.85930e-05
3.86014e-05
3.86098e-05
3.86182e-05
3.86266e-05
3.86302e-05
3.86350e-05
3.86434e-05
3.86518e-05
3.86603e-05
3.86687e-05
3.86771e-05
3.86795e-05
3.86855e-05
3.86940e-05
3.87024e-05
3.87109e-05
3.87193e-05
3.87277e-05
3.87288e-05
3.87362e-05
3.87446e-05
3.87531e-05
3.87615e-05
3.87700e-05
3.87781e-05
3.87785e-05
3.87869e-05
3.87954e-05
3.88038e-05
3.88123e-05
3.88208e-05
3.88274e-05
3.88293e-05
3.88377e-05
3.88462e-05
3.88547e-05
3.88632e-05
3.88717e-05
3.88768e-05
3.88802e-05
3.88887e-05
3.88972e-05
3.89057e-05
3.89142e-05
3.89227e-05
3.89262e-05
3.89312e-05
3.89397e-05
3.89482e-05
3.89567e-05
3.89653e-05
3.89738e-05
3.89757e-05
3.89823e-05
3.89908e-05
3.89994e-05
3.90079e-05
3.90164e-05
3.90250e-05
3.90252e-05
3.90335e-05
3.90421e-05
3.90506e-05
3.90592e-05
3.90677e-05
3.90747e-05
3.90763e-05
3.90848e-05
3.90934e-05
3.91019e-05
3.91105e-05
3.91191e-05
3.91242e-05
3.91276e-05
3.91362e-05
3.91448e-05
3.91534e-05
3.91620e-05
3.91705e-05
3.91737e-05
3.91791e-05
3.91877e-05
3.91963e-05
3.92049e-05
3.92135e-05
3.92221e-05
3.92233e-05
3.92307e-05
3.92393e-05
3.92479e-05
3.92566e-05
3.92652e-05
3.92730e-05
3.92738e-05
3.92824e-05
3.92910e-05
3.92997e-05
3.93083e-05
3.93169e-05
3.93226e-05
3.93256e-05
3.93342e-05
3.93428e-05
3.93515e-05
3.93601e-05
3.93688e-05
3.93723e-05
3.93774e-05
3.93861e-05
3.93948e-05
3.94034e-05
3.94121e-05
3.94207e-05
3.94220e-05
3.94294e-05
3.94381e-05
3.94468e-05
3.94554e-05
3.94641e-05
3.94717e-05
3.94728e-05
3.94815e-05
3.94902e-05
3.94989e-05
3.95076e-05
3.95163e-05
3.95215e-05
3.95250e-05
3.95337e-05
3.95424e-05
3.95511e-05
3.95598e-05
3.95685e-05
3.95713e-05
3.95772e-05
3.95859e-05
3.95947e-05
3.96034e-05
3.96121e-05
3.96209e-05
3.96211e-05
3.96296e-05
3.96383e-05
3.96471e-05
3.96558e-05
3.96646e-05
3.96709e-05
3.96733e-05
3.96821e-05
3.96908e-05
3.96996e-05
3.97083e-05
3.97171e-05
3.97208e-05
3.97259e-05
3.97346e-05
3.97434e-05
3.97522e-05
3.97610e-05
3.97697e-05
3.97707e-05
3.97785e-05
3.97873e-05
3.97961e-05
3.98049e-05
3.98137e-05
3.98207e-05
3.98225e-05
3.98313e-05
3.98401e-05
3.98489e-05
3.98577e-05
3.98665e-05
3.98706e-05
3.98753e-05
3.98841e-05
3.98930e-05
3.99018e-05
3.99106e-05
3.99194e-05
3.99206e-05
3.99283e-05
3.99371e-05
3.99459e-05
3.99548e-05
3.99636e-05
3.99707e-05
3.99725e-05
3.99813e-05
3.99902e-05
3.99990e-05
4.00079e-05
4.00167e-05
4.00207e-05
4.00256e-05
4.00345e-05
4.00434e-05
4.00522e-05
4.00611e-05
4.00700e-05
4.00708e-05
4.00789e-05
4.00877e-05
4.00966e-05
4.01055e-05
4.01144e-05
4.01209e-05
4.01233e-05
4.01322e-05
4.01411e-05
4.01500e-05
4.01589e-05
4.01678e-05
4.01711e-05
4.01768e-05
4.01857e-05
4.01946e-05
4.02035e-05
4.02124e-05
4.02213e-05
4.02214e-05
4.02303e-05
4.02392e-05
4.02482e-05
4.02571e-05
4.02661e-05
4.02715e-05
4.02750e-05
4.02839e-05
4.02929e-05
4.03019e-05
4.03108e-05
4.03198e-05
4.03217e-05
4.03287e-05
4.03377e-05
4.03467e-05
4.03556e-05
4.03646e-05
4.03720e-05
4.03736e-05
4.03826e-05
4.03916e-05
4.04006e-05
4.04095e-05
4.04185e-05
4.04222e-05
4.04275e-05
4.04365e-05
4.04455e-05
4.04545e-05
4.04636e-05
4.04726e-05
4.04726e-05
4.04816e-05
4.04906e-05
4.04996e-05
4.05086e-05
4.05177e-05
4.05229e-05
4.05267e-05
4.05357e-05
4.05448e-05
4.05538e-05
4.05628e-05
4.05719e-05
4.05733e-05
4.05809e-05
4.05900e-05
4.05990e-05
4.06081e-05
4.06172e-05
4.06237e-05
4.06262e-05
4.06353e-05
4.06444e-05
4.06534e-05
4.06625e-05
4.06716e-05
4.06742e-05
4.06807e-05
4.06897e-05
4.06988e-05
4.07079e-05
4.07170e-05
4.07246e-05
4.07261e-05
4.07352e-05
4.07443e-05
4.07534e-05
4.07625e-05
4.07716e-05
4.07751e-05
4.07807e-05
4.07899e-05
4.07990e-05
4.08081e-05
4.08172e-05
4.08257e-05
4.08264e-05
4.08355e-05
4.08446e-05
4.08538e-05
4.08629e-05
4.08721e-05
4.08762e-05
4.08812e-05
4.08904e-05
4.08995e-05
4.09087e-05
4.09178e-05
4.09268e-05
4.09270e-05
4.09362e-05
4.09453e-05
4.09545e-05
4.09637e-05
4.09729e-05
4.09774e-05
4.09820e-05
4.09912e-05
4.10004e-05
4.10096e-05
4.10188e-05
4.10280e-05
4.10281e-05
4.10372e-05
4.10464e-05
4.10556e-05
4.10648e-05
4.10740e-05
4.10788e-05
4.10832e-05
4.10925e-05
4.11017e-05
4.11109e-05
4.11201e-05
4.11294e-05
4.11295e-05
4.11386e-05
4.11478e-05
4.11571e-05
4.11663e-05
4.11756e-05
4.11802e-05
4.11848e-05
4.11941e-05
4.12033e-05
4.12126e-05
4.12218e-05
4.12310e-05
4.12311e-05
4.12404e-05
4.12497e-05
4.12589e-05
4.12682e-05
4.12775e-05
4.12818e-05
4.12868e-05
4.12961e-05
4.13054e-05
4.13146e-05
4.13239e-05
4.13326e-05
4.13332e-05
4.13425e-05
4.13519e-05
4.13612e-05
4.13705e-05
4.13798e-05
4.13835e-05
4.13891e-05
4.13984e-05
4.14078e-05
4.14171e-05
4.14264e-05
4.14344e-05
4.14358e-05
4.14451e-05
4.14544e-05
4.14638e-05
4.14731e-05
4.14825e-05
4.14853e-05
4.14918e-05
4.15012e-05
4.15106e-05
4.15199e-05
4.15293e-05
4.15363e-05
4.15387e-05
4.15480e-05
4.15574e-05
4.15668e-05
4.15762e-05
4.15856e-05
4.15873e-05
4.15949e-05
4.16043e-05
4.16137e-05
4.16231e-05
4.16325e-05
4.16383e-05
4.16419e-05
4.16514e-05
4.16608e-05
4.16702e-05
4.16796e-05
4.16890e-05
4.16893e-05
4.16984e-05
4.17079e-05
4.17173e-05
4.17267e-05
4.17362e-05
4.17404e-05
4.17456e-05
4.17551e-05
4.17645e-05
4.17740e-05
4.17834e-05
4.17915e-05
4.17929e-05
4.18023e-05
4.18118e-05
4.18213e-05
4.18307e-05
4.18402e-05
4.18427e-05
4.18497e-05
4.18592e-05
4.18687e-05
4.18781e-05
4.18876e-05
4.18938e-05
4.18971e-05
4.19066e-05
4.19161e-05
4.19256e-05
4.19351e-05
4.19446e-05
4.19450e-05
4.19542e-05
4.19637e-05
4.19732e-05
4.19827e-05
4.19922e-05
4.19963e-05
4.20018e-05
4.20113e-05
4.20208e-05
4.20304e-05
4.20399e-05
4.20475e-05
4.20495e-05
4.20590e-05
4.20686e-05
4.20781e-05
4.20877e-05
4.20973e-05
4.20988e-05
4.21068e-05
4.21164e-05
4.21260e-05
4.21355e-05
4.21451e-05
4.21502e-05
4.21547e-05
4.21643e-05
4.21739e-05
4.21835e-05
4.21931e-05
4.22015e-05
4.22027e-05
4.22123e-05
4.22219e-05
4.22315e-05
4.22411e-05
4.22507e-05
4.22529e-05
4.22603e-05
4.22700e-05
4.22796e-05
4.22892e-05
4.22989e-05
4.23043e-05
4.23085e-05
4.23181e-05
4.23278e-05
4.23374e-05
4.23471e-05
4.23558e-05
4.23567e-05
4.23664e-05
4.23760e-05
4.23857e-05
4.23954e-05
4.24051e-05
4.24073e-05
4.24147e-05
4.24244e-05
4.24341e-05
4.24438e-05
4.24535e-05
4.24588e-05
4.24631e-05
4.24728e-05
4.24825e-05
4.24922e-05
4.25019e-05
4.25104e-05
4.25117e-05
4.25214e-05
4.25311e-05
4.25408e-05
4.25505e-05
4.25602e-05
4.25620e-05
4.25700e-05
4.25797e-05
4.25894e-05
4.25992e-05
4.26089e-05
4.26136e-05
4.26187e-05
4.26284e-05
4.26382e-05
4.26479e-05
4.26577e-05
4.26652e-05
4.26675e-05
4.26772e-05
4.26870e-05
4.26968e-05
4.27065e-05
4.27163e-05
4.27169e-05
4.27261e-05
4.27359e-05
4.27457e-05
4.27555e-05
4.27653e-05
4.27686e-05
4.27751e-05
4.27849e-05
4.27947e-05
4.28045e-05
4.28143e-05
4.28204e-05
4.28241e-05
4.28340e-05
4.28438e-05
4.28536e-05
4.28634e-05
4.28721e-05
4.28733e-05
4.28831e-05
4.28930e-05
4.29028e-05
4.29127e-05
4.29225e-05
4.29240e-05
4.29324e-05
4.29422e-05
4.29521e-05
4.29620e-05
4.29718e-05
4.29758e-05
4.29817e-05
4.29916e-05
4.30015e-05
4.30114e-05
4.30212e-05
4.30277e-05
4.30311e-05
4.30410e-05
4.30509e-05
4.30608e-05
4.30707e-05
4.30796e-05
4.30807e-05
4.30906e-05
4.31005e-05
4.31104e-05
4.31203e-05
4.31303e-05
4.31315e-05
4.31402e-05
4.31501e-05
4.31601e-05
4.31700e-05
4.31799e-05
4.31835e-05
4.31899e-05
4.31998e-05
4.32098e-05
4.32198e-05
4.32297e-05
4.32355e-05
4.32397e-05
4.32497e-05
4.32596e-05
4.32696e-05
4.32796e-05
4.32875e-05
4.32896e-05
4.32996e-05
4.33096e-05
4.33195e-05
4.33295e-05
4.33396e-05
4.33396e-05
4.33496e-05
4.33596e-05
4.33696e-05
4.33796e-05
4.33896e-05
4.33917e-05
4.33996e-05
4.34097e-05
4.34197e-05
4.34297e-05
4.34398e-05
4.34438e-05
4.34498e-05
4.34599e-05
4.34699e-05
4.34800e-05
4.34900e-05
4.34960e-05
4.35001e-05
4.35101e-05
4.35202e-05
4.35303e-05
4.35403e-05
4.35482e-05
4.35504e-05
4.35605e-05
4.35706e-05
4.35807e-05
4.35908e-05
4.36004e-05
4.36009e-05
4.36110e-05
4.36211e-05
4.36312e-05
4.36413e-05
4.36514e-05
4.36527e-05
4.36615e-05
4.36716e-05
4.36818e-05
4.36919e-05
4.37020e-05
4.37050e-05
4.37122e-05
4.37223e-05
4.37324e-05
4.37426e-05
4.37527e-05
4.37573e-05
4.37629e-05
4.37730e-05
4.37832e-05
4.37934e-05
4.38035e-05
4.38096e-05
4.38137e-05
4.38239e-05
4.38341e-05
4.38443e-05
4.38544e-05
4.38620e-05
4.38646e-05
4.38748e-05
4.38850e-05
4.38952e-05
4.39054e-05
4.39144e-05
4.39156e-05
4.39258e-05
4.39361e-05
4.39463e-05
4.39565e-05
4.39667e-05
4.39669e-05
4.39770e-05
4.39872e-05
4.39974e-05
4.40077e-05
4.40179e-05
4.40194e-05
4.40282e-05
4.40384e-05
4.40487e-05
4.40589e-05
4.40692e-05
4.40719e-05
4.40795e-05
4.40897e-05
4.41000e-05
4.41103e-05
4.41206e-05
4.41244e-05
4.41309e-05
4.41412e-05
4.41515e-05
4.41618e-05
4.41721e-05
4.41770e-05
4.41824e-05
4.41927e-05
4.42030e-05
4.42133e-05
4.42236e-05
4.42296e-05
4.42339e-05
4.42443e-05
4.42546e-05
4.42649e-05
4.42753e-05
4.42823e-05
4.42856e-05
4.42960e-05
4.43063e-05
4.43167e-05
4.43270e-05
4.43349e-05
4.43374e-05
4.43477e-05
4.43581e-05
4.43685e-05
4.43789e-05
4.43876e-05
4.43892e-05
4.43996e-05
4.44100e-05
4.44204e-05
4.44308e-05
4.44404e-05
4.44412e-05
4.44516e-05
4.44620e-05
4.44724e-05
4.44828e-05
4.44931e-05
4.44932e-05
4.45037e-05
4.45141e-05
4.45245e-05
4.45349e-05
4.45454e-05
4.45459e-05
4.45558e-05
4.45663e-05
4.45767e-05
4.45872e-05
4.45976e-05
4.45988e-05
4.46081e-05
4.46185e-05
4.46290e-05
4.46395e-05
4.46499e-05
4.46516e-05
4.46604e-05
4.46709e-05
4.46814e-05
4.46919e-05
4.47024e-05
4.47045e-05
4.47129e-05
4.47234e-05
4.47339e-05
4.47444e-05
4.47549e-05
4.47574e-05
4.47654e-05
4.47759e-05
4.47864e-05
4.47970e-05
4.48075e-05
4.48104e-05
4.48180e-05
4.48286e-05
4.48391e-05
4.48497e-05
4.48602e-05
4.48634e-05
4.48708e-05
4.48813e-05
4.48919e-05
4.49025e-05
4.49130e-05
4.49164e-05
4.49236e-05
4.49342e-05
4.49448e-05
4.49553e-05
4.49659e-05
4.49694e-05
4.49765e-05
4.49871e-05
4.49977e-05
4.50083e-05
4.50189e-05
4.50225e-05
4.50295e-05
4.50402e-05
4.50508e-05
4.50614e-05
4.50720e-05
4.50756e-05
4.50827e-05
4.50933e-05
4.51039e-05
4.51146e-05
4.51252e-05
4.51288e-05
4.51359e-05
4.51465e-05
4.51572e-05
4.51679e-05
4.51785e-05
4.51819e-05
4.51892e-05
4.51999e-05
4.52105e-05
4.52212e-05
4.52319e-05
4.52352e-05
4.52426e-05
4.52533e-05
4.52640e-05
4.52747e-05
4.52854e-05
4.52884e-05
4.52961e-05
4.53068e-05
4.53175e-05
4.53283e-05
4.53390e-05
4.53417e-05
4.53497e-05
4.53604e-05
4.53712e-05
4.53819e-05
4.53927e-05
4.53950e-05
4.54034e-05
4.54142e-05
4.54249e-05
4.54357e-05
4.54465e-05
4.54483e-05
4.54572e-05
4.54680e-05
4.54788e-05
4.54896e-05
4.55003e-05
4.55017e-05
4.55111e-05
4.55219e-05
4.55327e-05
4.55435e-05
4.55543e-05
4.55550e-05
4.55651e-05
4.55759e-05
4.55868e-05
4.55976e-05
4.56084e-05
4.56085e-05
4.56192e-05
4.56301e-05
4.56409e-05
4.56517e-05
4.56619e-05
4.56626e-05
4.56734e-05
4.56843e-05
4.56952e-05
4.57060e-05
4.57154e-05
4.57169e-05
4.57277e-05
4.57386e-05
4.57495e-05
4.57604e-05
4.57689e-05
4.57713e-05
4.57822e-05
4.57931e-05
4.58039e-05
4.58149e-05
4.58225e-05
4.58258e-05
4.58367e-05
4.58476e-05
4.58585e-05
4.58694e-05
4.58761e-05
4.58803e-05
4.58913e-05
4.59022e-05
4.59132e-05
4.59241e-05
4.59297e-05
4.59350e-05
4.59460e-05
4.59569e-05
4.59679e-05
4.59789e-05
4.59834e-05
4.59898e-05
4.60008e-05
4.60118e-05
4.60228e-05
4.60337e-05
4.60371e-05
4.60447e-05
4.60557e-05
4.60667e-05
4.60777e-05
4.60887e-05
4.60908e-05
4.60997e-05
4.61108e-05
4.61218e-05
4.61328e-05
4.61438e-05
4.61445e-05
4.61549e-05
4.61659e-05
4.61769e-05
4.61880e-05
4.61983e-05
4.61990e-05
4.62101e-05
4.62211e-05
4.62322e-05
4.62432e-05
4.62521e-05
4.62543e-05
4.62654e-05
4.62765e-05
4.62875e-05
4.62986e-05
4.63060e-05
4.63097e-05
4.63208e-05
4.63319e-05
4.63430e-05
4.63541e-05
4.63599e-05
4.63652e-05
4.63763e-05
4.63875e-05
4.63986e-05
4.64097e-05
4.64138e-05
4.64208e-05
4.64320e-05
4.64431e-05
4.64543e-05
4.64654e-05
4.64678e-05
4.64766e-05
4.64877e-05
4.64989e-05
4.65100e-05
4.65212e-05
4.65218e-05
4.65324e-05
4.65436e-05
4.65548e-05
4.65659e-05
4.65758e-05
4.65771e-05
4.65883e-05
4.65995e-05
4.66107e-05
4.66220e-05
4.66298e-05
4.66332e-05
4.66444e-05
4.66556e-05
4.66668e-05
4.66781e-05
4.66839e-05
4.66893e-05
4.67005e-05
4.67118e-05
4.67230e-05
4.67343e-05
4.67381e-05
4.67455e-05
4.67568e-05
4.67681e-05
4.67793e-05
4.67906e-05
4.67922e-05
4.68019e-05
4.68132e-05
4.68245e-05
4.68358e-05
4.68464e-05
4.68471e-05
4.68584e-05
4.68697e-05
4.68810e-05
4.68923e-05
4.69007e-05
4.69036e-05
4.69149e-05
4.69263e-05
4.69376e-05
4.69489e-05
4.69549e-05
4.69603e-05
4.69716e-05
4.69830e-05
4.69943e-05
4.70057e-05
4.70093e-05
4.70171e-05
4.70284e-05
4.70398e-05
4.70512e-05
4.70626e-05
4.70636e-05
4.70740e-05
4.70854e-05
4.70968e-05
4.71082e-05
4.71180e-05
4.71196e-05
4.71310e-05
4.71424e-05
4.71538e-05
4.71652e-05
4.71724e-05
4.71767e-05
4.71881e-05
4.71995e-05
4.72110e-05
4.72224e-05
4.72268e-05
4.72339e-05
4.72453e-05
4.72568e-05
4.72682e-05
4.72797e-05
4.72813e-05
4.72912e-05
4.73027e-05
4.73141e-05
4.73256e-05
4.73359e-05
4.73371e-05
4.73486e-05
4.73601e-05
4.73716e-05
4.73831e-05
4.73904e-05
4.73946e-05
4.74062e-05
4.74177e-05
4.74292e-05
4.74408e-05
4.74450e-05
4.74523e-05
4.74638e-05
4.74754e-05
4.74869e-05
4.74985e-05
4.74996e-05
4.75100e-05
4.75216e-05
4.75332e-05
4.75448e-05
4.75543e-05
4.75563e-05
4.75679e-05
4.75795e-05
4.75911e-05
4.76027e-05
4.76090e-05
4.76143e-05
4.76259e-05
4.76375e-05
4.76491e-05
4.76607e-05
4.76638e-05
4.76724e-05
4.76840e-05
4.76956e-05
4.77073e-05
4.77185e-05
4.77189e-05
4.77306e-05
4.77422e-05
4.77539e-05
4.77655e-05
4.77733e-05
4.77772e-05
4.77889e-05
4.78005e-05
4.78122e-05
4.78239e-05
4.78282e-05
4.78356e-05
4.78473e-05
4.78590e-05
4.78707e-05
4.78824e-05
4.78830e-05
4.78941e-05
4.79058e-05
4.79176e-05
4.79293e-05
4.79380e-05
4.79410e-05
4.79527e-05
4.79645e-05
4.79762e-05
4.79880e-05
4.79929e-05
4.79997e-05
4.80115e-05
4.80233e-05
4.80350e-05
4.80468e-05
4.80479e-05
4.80586e-05
4.80703e-05
4.80821e-05
4.80939e-05
4.81029e-05
4.81057e-05
4.81175e-05
4.81293e-05
4.81411e-05
4.81529e-05
4.81579e-05
4.81648e-05
4.81766e-05
4.81884e-05
4.82002e-05
4.82121e-05
4.82130e-05
4.82239e-05
4.82358e-05
4.82476e-05
4.82595e-05
4.82681e-05
4.82713e-05
4.82832e-05
4.82951e-05
4.83069e-05
4.83188e-05
4.83232e-05
4.83307e-05
4.83426e-05
4.83545e-05
4.83664e-05
4.83783e-05
4.83784e-05
4.83902e-05
4.84021e-05
4.84140e-05
4.84259e-05
4.84336e-05
4.84378e-05
4.84498e-05
4.84617e-05
4.84736e-05
4.84856e-05
4.84888e-05
4.84975e-05
4.85095e-05
4.85214e-05
4.85334e-05
4.85441e-05
4.85453e-05
4.85573e-05
4.85693e-05
4.85813e-05
4.85932e-05
4.85994e-05
4.86052e-05
4.86172e-05
4.86292e-05
4.86412e-05
4.86532e-05
4.86547e-05
4.86652e-05
4.86772e-05
4.86893e-05
4.87013e-05
4.87100e-05
4.87133e-05
4.87253e-05
4.87374e-05
4.87494e-05
4.87615e-05
4.87654e-05
4.87735e-05
4.87856e-05
4.87976e-05
4.88097e-05
4.88208e-05
4.88218e-05
4.88338e-05
4.88459e-05
4.88580e-05
4.88701e-05
4.88762e-05
4.88822e-05
4.88942e-05
4.89063e-05
4.89184e-05
4.89306e-05
4.89316e-05
4.89427e-05
4.89548e-05
4.89669e-05
4.89790e-05
4.89871e-05
4.89912e-05
4.90033e-05
4.90154e-05
4.90276e-05
4.90397e-05
4.90426e-05
4.90519e-05
4.90640e-05
4.90762e-05
4.90883e-05
4.90981e-05
4.91005e-05
4.91127e-05
4.91249e-05
4.91371e-05
4.91492e-05
4.91537e-05
4.91614e-05
4.91736e-05
4.91858e-05
4.91980e-05
4.92092e-05
4.92102e-05
4.92225e-05
4.92347e-05
4.92469e-05
4.92591e-05
4.92648e-05
4.92714e-05
4.92836e-05
4.92958e-05
4.93081e-05
4.93203e-05
4.93204e-05
4.93326e-05
4.93448e-05
4.93571e-05
4.93694e-05
4.93761e-05
4.93816e-05
4.93939e-05
4.94062e-05
4.94185e-05
4.94308e-05
4.94317e-05
4.94431e-05
4.94554e-05
4.94677e-05
4.94800e-05
4.94874e-05
4.94923e-05
4.95046e-05
4.95169e-05
4.95292e-05
4.95416e-05
4.95431e-05
4.95539e-05
4.95662e-05
4.95786e-05
4.95909e-05
4.95989e-05
4.96033e-05
4.96156e-05
4.96280e-05
4.96404e-05
4.96527e-05
4.96546e-05
4.96651e-05
4.96775e-05
4.96899e-05
4.97023e-05
4.97104e-05
4.97147e-05
4.97270e-05
4.97394e-05
4.97519e-05
4.97643e-05
4.97662e-05
4.97767e-05
4.97891e-05
4.98015e-05
4.98139e-05
4.98220e-05
4.98264e-05
4.98388e-05
4.98513e-05
4.98637e-05
4.98762e-05
4.98779e-05
4.98886e-05
4.99011e-05
4.99135e-05
4.99260e-05
4.99337e-05
4.99385e-05
4.99510e-05
4.99634e-05
4.99759e-05
4.99884e-05
4.99896e-05
5.00009e-05
5.00134e-05
5.00259e-05
5.00384e-05
5.00456e-05
5.00509e-05
5.00635e-05
5.00760e-05
5.00885e-05
5.01010e-05
5.01015e-05
5.01136e-05
5.01261e-05
5.01387e-05
5.01512e-05
5.01575e-05
5.01638e-05
5.01763e-05
5.01889e-05
5.02015e-05
5.02134e-05
5.02140e-05
5.02266e-05
5.02392e-05
5.02518e-05
5.02644e-05
5.02694e-05
5.02770e-05
5.02896e-05
5.03022e-05
5.03148e-05
5.03255e-05
5.03274e-05
5.03400e-05
5.03526e-05
5.03652e-05
5.03779e-05
5.03815e-05
5.03905e-05
5.04032e-05
5.04158e-05
5.04285e-05
5.04376e-05
5.04411e-05
5.04538e-05
5.04664e-05
5.04791e-05
5.04918e-05
5.04937e-05
5.05044e-05
5.05171e-05
5.05298e-05
5.05425e-05
5.05498e-05
5.05552e-05
5.05679e-05
5.05806e-05
5.05933e-05
5.06059e-05
5.06060e-05
5.06187e-05
5.06315e-05
5.06442e-05
5.06569e-05
5.06620e-05
5.06697e-05
5.06824e-05
5.06951e-05
5.07079e-05
5.07182e-05
5.07207e-05
5.07334e-05
5.07462e-05
5.07589e-05
5.07717e-05
5.07744e-05
5.07845e-05
5.07973e-05
5.08101e-05
5.08229e-05
5.08306e-05
5.08356e-05
5.08484e-05
5.08613e-05
5.08741e-05
5.08868e-05
5.08869e-05
5.08997e-05
5.09125e-05
5.09253e-05
5.09382e-05
5.09431e-05
5.09510e-05
5.09639e-05
5.09767e-05
5.09896e-05
5.09994e-05
5.10024e-05
5.10153e-05
5.10281e-05
5.10410e-05
5.10539e-05
5.10557e-05
5.10668e-05
5.10796e-05
5.10925e-05
5.11054e-05
5.11120e-05
5.11183e-05
5.11312e-05
5.11441e-05
5.11570e-05
5.11683e-05
5.11700e-05
5.11829e-05
5.11958e-05
5.12087e-05
5.12217e-05
5.12247e-05
5.12346e-05
5.12476e-05
5.12605e-05
5.12735e-05
5.12810e-05
5.12864e-05
5.12994e-05
5.13123e-05
5.13253e-05
5.13374e-05
5.13383e-05
5.13513e-05
5.13643e-05
5.13773e-05
5.13903e-05
5.13939e-05
5.14033e-05
5.14163e-05
5.14293e-05
5.14423e-05
5.14503e-05
5.14553e-05
5.14684e-05
5.14814e-05
5.14944e-05
5.15068e-05
5.15075e-05
5.15205e-05
5.15336e-05
5.15466e-05
5.15597e-05
5.15633e-05
5.15728e-05
5.15858e-05
5.15989e-05
5.16120e-05
5.16198e-05
5.16251e-05
5.16382e-05
5.16513e-05
5.16644e-05
5.16764e-05
5.16775e-05
5.16906e-05
5.17037e-05
5.17169e-05
5.17300e-05
5.17330e-05
5.17431e-05
5.17563e-05
5.17694e-05
5.17826e-05
5.17896e-05
5.17957e-05
5.18089e-05
5.18221e-05
5.18352e-05
5.18462e-05
5.18484e-05
5.18616e-05
5.18748e-05
5.18880e-05
5.19012e-05
5.19029e-05
5.19144e-05
5.19276e-05
5.19408e-05
5.19540e-05
5.19596e-05
5.19673e-05
5.19805e-05
5.19938e-05
5.20070e-05
5.20164e-05
5.20203e-05
5.20335e-05
5.20468e-05
5.20601e-05
5.20732e-05
5.20733e-05
5.20866e-05
5.20999e-05
5.21132e-05
5.21265e-05
5.21300e-05
5.21398e-05
5.21531e-05
5.21664e-05
5.21798e-05
5.21869e-05
5.21931e-05
5.22064e-05
5.22198e-05
5.22331e-05
5.22438e-05
5.22465e-05
5.22598e-05
5.22732e-05
5.22866e-05
5.23000e-05
5.23008e-05
5.23134e-05
5.23268e-05
5.23402e-05
5.23536e-05
5.23578e-05
5.23670e-05
5.23804e-05
5.23938e-05
5.24073e-05
5.24149e-05
5.24207e-05
5.24342e-05
5.24476e-05
5.24611e-05
5.24720e-05
5.24746e-05
5.24880e-05
5.25015e-05
5.25150e-05
5.25285e-05
5.25292e-05
5.25420e-05
5.25555e-05
5.25690e-05
5.25826e-05
5.25864e-05
5.25961e-05
5.26096e-05
5.26232e-05
5.26367e-05
5.26437e-05
5.26503e-05
5.26639e-05
5.26775e-05
5.26910e-05
5.27010e-05
5.27046e-05
5.27182e-05
5.27318e-05
5.27455e-05
5.27585e-05
5.27591e-05
5.27727e-05
5.27864e-05
5.28000e-05
5.28137e-05
5.28160e-05
5.28273e-05
5.28410e-05
5.28547e-05
5.28684e-05
5.28735e-05
5.28821e-05
5.28958e-05
5.29095e-05
5.29232e-05
5.29312e-05
5.29369e-05
5.29507e-05
5.29644e-05
5.29782e-05
5.29889e-05
5.29919e-05
5.30057e-05
5.30195e-05
5.30333e-05
5.30467e-05
5.30471e-05
5.30609e-05
5.30747e-05
5.30885e-05
5.31023e-05
5.31046e-05
5.31162e-05
5.31300e-05
5.31439e-05
5.31577e-05
5.31625e-05
5.31716e-05
5.31855e-05
5.31994e-05
5.32133e-05
5.32205e-05
5.32272e-05
5.32411e-05
5.32550e-05
5.32689e-05
5.32787e-05
5.32829e-05
5.32968e-05
5.33108e-05
5.33248e-05
5.33369e-05
5.33387e-05
5.33527e-05
5.33667e-05
5.33807e-05
5.33947e-05
5.33951e-05
5.34088e-05
5.34228e-05
5.34368e-05
5.34509e-05
5.34535e-05
5.34649e-05
5.34790e-05
5.34931e-05
5.35072e-05
5.35120e-05
5.35213e-05
5.35354e-05
5.35495e-05
5.35636e-05
5.35705e-05
5.35777e-05
5.35919e-05
5.36060e-05
5.36202e-05
5.36291e-05
5.36344e-05
5.36485e-05
5.36627e-05
5.36769e-05
5.36878e-05
5.36911e-05
5.37053e-05
5.37196e-05
5.37338e-05
5.37466e-05
5.37480e-05
5.37623e-05
5.37765e-05
5.37908e-05
5.38051e-05
5.38055e-05
5.38194e-05
5.38337e-05
5.38480e-05
5.38623e-05
5.38645e-05
5.38766e-05
5.38909e-05
5.39053e-05
5.39196e-05
5.39235e-05
5.39340e-05
5.39484e-05
5.39628e-05
5.39771e-05
5.39826e-05
5.39915e-05
5.40060e-05
5.40204e-05
5.40348e-05
5.40419e-05
5.40492e-05
5.40637e-05
5.40781e-05
5.40926e-05
5.41012e-05
5.41071e-05
5.41216e-05
5.41360e-05
5.41506e-05
5.41606e-05
5.41651e-05
5.41796e-05
5.41941e-05
5.42087e-05
5.42200e-05
5.42232e-05
5.42378e-05
5.42523e-05
5.42669e-05
5.42796e-05
5.42815e-05
5.42961e-05
5.43107e-05
5.43253e-05
5.43392e-05
5.43399e-05
5.43545e-05
5.43692e-05
5.43838e-05
5.43985e-05
5.43989e-05
5.44132e-05
5.44278e-05
5.44425e-05
5.44572e-05
5.44587e-05
5.44719e-05
5.44866e-05
5.45014e-05
5.45161e-05
5.45186e-05
5.45308e-05
5.45456e-05
5.45604e-05
5.45751e-05
5.45786e-05
5.45899e-05
5.46047e-05
5.46195e-05
5.46343e-05
5.46386e-05
5.46491e-05
5.46639e-05
5.46788e-05
5.46936e-05
5.46987e-05
5.47085e-05
5.47233e-05
5.47382e-05
5.47531e-05
5.47589e-05
5.47680e-05
5.47829e-05
5.47978e-05
5.48127e-05
5.48191e-05
5.48276e-05
5.48426e-05
5.48575e-05
5.48725e-05
5.48795e-05
5.48874e-05
5.49024e-05
5.49174e-05
5.49323e-05
5.49399e-05
5.49473e-05
5.49624e-05
5.49774e-05
5.49924e-05
5.50004e-05
5.50074e-05
5.50225e-05
5.50375e-05
5.50526e-05
5.50609e-05
5.50677e-05
5.50827e-05
5.50978e-05
5.51129e-05
5.51215e-05
5.51280e-05
5.51431e-05
5.51583e-05
5.51734e-05
5.51822e-05
5.51885e-05
5.52037e-05
5.52188e-05
5.52340e-05
5.52430e-05
5.52492e-05
5.52644e-05
5.52796e-05
5.52948e-05
5.53038e-05
5.53100e-05
5.53252e-05
5.53404e-05
5.53557e-05
5.53647e-05
5.53709e-05
5.53862e-05
5.54014e-05
5.54167e-05
5.54256e-05
5.54320e-05
5.54473e-05
5.54626e-05
5.54779e-05
5.54867e-05
5.54932e-05
5.55085e-05
5.55239e-05
5.55392e-05
5.55477e-05
5.55546e-05
5.55699e-05
5.55853e-05
5.56007e-05
5.56089e-05
5.56161e-05
5.56314e-05
5.56469e-05
5.56623e-05
5.56701e-05
5.56777e-05
5.56931e-05
5.57086e-05
5.57240e-05
5.57314e-05
5.57395e-05
5.57549e-05
5.57704e-05
5.57859e-05
5.57927e-05
5.58014e-05
5.58169e-05
5.58324e-05
5.58479e-05
5.58541e-05
5.58634e-05
5.58789e-05
5.58945e-05
5.59100e-05
5.59155e-05
5.59256e-05
5.59412e-05
5.59567e-05
5.59723e-05
5.59770e-05
5.59879e-05
5.60035e-05
5.60191e-05
5.60347e-05
5.60386e-05
5.60503e-05
5.60660e-05
5.60816e-05
5.60973e-05
5.61002e-05
5.61129e-05
5.61286e-05
5.61443e-05
5.61599e-05
5.61618e-05
5.61756e-05
5.61913e-05
5.62070e-05
5.62227e-05
5.62235e-05
5.62385e-05
5.62542e-05
5.62699e-05
5.62853e-05
5.62857e-05
5.63014e-05
5.63172e-05
5.63330e-05
5.63470e-05
5.63487e-05
5.63645e-05
5.63803e-05
5.63961e-05
5.64089e-05
5.64119e-05
5.64277e-05
5.64435e-05
5.64594e-05
5.64707e-05
5.64752e-05
5.64910e-05
5.65069e-05
5.65228e-05
5.65327e-05
5.65386e-05
5.65545e-05
5.65704e-05
5.65863e-05
5.65946e-05
5.66022e-05
5.66181e-05
5.66340e-05
5.66499e-05
5.66566e-05
5.66658e-05
5.66817e-05
5.66977e-05
5.67136e-05
5.67186e-05
5.67296e-05
5.67455e-05
5.67615e-05
5.67775e-05
5.67806e-05
5.67935e-05
5.68094e-05
5.68254e-05
5.68414e-05
5.68427e-05
5.68574e-05
5.68734e-05
5.68895e-05
5.69048e-05
5.69055e-05
5.69215e-05
5.69376e-05
5.69536e-05
5.69669e-05
5.69697e-05
5.69857e-05
5.70018e-05
5.70178e-05
5.70290e-05
5.70339e-05
5.70500e-05
5.70661e-05
5.70822e-05
5.70911e-05
5.70983e-05
5.71144e-05
5.71305e-05
5.71466e-05
5.71533e-05
5.71627e-05
5.71789e-05
5.71950e-05
5.72111e-05
5.72154e-05
5.72273e-05
5.72434e-05
5.72596e-05
5.72757e-05
5.72776e-05
5.72919e-05
5.73081e-05
5.73243e-05
5.73397e-05
5.73404e-05
5.73566e-05
5.73728e-05
5.73890e-05
5.74019e-05
5.74052e-05
5.74214e-05
5.74376e-05
5.74539e-05
5.74641e-05
5.74701e-05
5.74863e-05
5.75026e-05
5.75188e-05
5.75262e-05
5.75350e-05
5.75513e-05
5.75676e-05
5.75838e-05
5.75884e-05
5.76001e-05
5.76164e-05
5.76326e-05
5.76489e-05
5.76506e-05
5.76652e-05
5.76815e-05
5.76978e-05
5.77127e-05
5.77141e-05
5.77304e-05
5.77467e-05
5.77630e-05
5.77749e-05
5.77794e-05
5.77957e-05
5.78120e-05
5.78284e-05
5.78371e-05
5.78447e-05
5.78610e-05
5.78774e-05
5.78938e-05
5.78992e-05
5.79101e-05
5.79265e-05
5.79429e-05
5.79592e-05
5.79614e-05
5.79756e-05
5.79920e-05
5.80084e-05
5.80235e-05
5.80248e-05
5.80412e-05
5.80576e-05
5.80740e-05
5.80856e-05
5.80904e-05
5.81068e-05
5.81233e-05
5.81397e-05
5.81478e-05
5.81561e-05
5.81726e-05
5.81890e-05
5.82055e-05
5.82099e-05
5.82219e-05
5.82384e-05
5.82549e-05
5.82713e-05
5.82720e-05
5.82878e-05
5.83043e-05
5.83208e-05
5.83342e-05
5.83373e-05
5.83538e-05
5.83703e-05
5.83868e-05
5.83963e-05
5.84033e-05
5.84198e-05
5.84364e-05
5.84529e-05
5.84584e-05
5.84694e-05
5.84860e-05
5.85025e-05
5.85191e-05
5.85205e-05
5.85356e-05
5.85522e-05
5.85688e-05
5.85827e-05
5.85853e-05
5.86019e-05
5.86185e-05
5.86351e-05
5.86448e-05
5.86517e-05
5.86683e-05
5.86849e-05
5.87015e-05
5.87069e-05
5.87181e-05
5.87347e-05
5.87514e-05
5.87680e-05
5.87691e-05
5.87847e-05
5.88013e-05
5.88180e-05
5.88312e-05
5.88346e-05
5.88513e-05
5.88680e-05
5.88846e-05
5.88934e-05
5.89013e-05
5.89180e-05
5.89347e-05
5.89514e-05
5.89555e-05
5.89681e-05
5.89848e-05
5.90016e-05
5.90177e-05
5.90183e-05
5.90350e-05
5.90518e-05
5.90685e-05
5.90799e-05
5.90853e-05
5.91020e-05
5.91188e-05
5.91356e-05
5.91421e-05
5.91523e-05
5.91691e-05
5.91859e-05
5.92027e-05
5.92043e-05
5.92195e-05
5.92363e-05
5.92532e-05
5.92665e-05
5.92700e-05
5.92868e-05
5.93037e-05
5.93205e-05
5.93288e-05
5.93374e-05
5.93542e-05
5.93711e-05
5.93880e-05
5.93911e-05
5.94049e-05
5.94218e-05
5.94387e-05
5.94534e-05
5.94556e-05
5.94725e-05
5.94894e-05
5.95063e-05
5.95157e-05
5.95233e-05
5.95402e-05
5.95572e-05
5.95741e-05
5.95780e-05
5.95911e-05
5.96080e-05
5.96250e-05
5.96404e-05
5.96420e-05
5.96590e-05
5.96760e-05
5.96930e-05
5.97028e-05
5.97100e-05
5.97271e-05
5.97441e-05
5.97611e-05
5.97652e-05
5.97782e-05
5.97952e-05
5.98123e-05
5.98277e-05
5.98294e-05
5.98464e-05
5.98635e-05
5.98806e-05
5.98901e-05
5.98977e-05
5.99148e-05
5.99319e-05
5.99491e-05
5.99526e-05
5.99662e-05
5.99833e-05
6.00005e-05
6.00152e-05
6.00176e-05
6.00348e-05
6.00520e-05
6.00691e-05
6.00777e-05
6.00863e-05
6.01035e-05
6.01207e-05
6.01379e-05
6.01403e-05
6.01551e-05
6.01724e-05
6.01896e-05
6.02029e-05
6.02068e-05
6.02241e-05
6.02414e-05
6.02586e-05
6.02656e-05
6.02759e-05
6.02932e-05
6.03105e-05
6.03278e-05
6.03282e-05
6.03451e-05
6.03624e-05
6.03797e-05
6.03909e-05
6.03970e-05
6.04144e-05
6.04317e-05
6.04491e-05
6.04537e-05
6.04664e-05
6.04838e-05
6.05012e-05
6.05164e-05
6.05186e-05
6.05360e-05
6.05534e-05
6.05708e-05
6.05792e-05
6.05882e-05
6.06056e-05
6.06231e-05
6.06405e-05
6.06421e-05
6.06580e-05
6.06754e-05
6.06929e-05
6.07049e-05
6.07104e-05
6.07279e-05
6.07454e-05
6.07629e-05
6.07678e-05
6.07804e-05
6.07979e-05
6.08154e-05
6.08308e-05
6.08330e-05
6.08505e-05
6.08681e-05
6.08856e-05
6.08937e-05
6.09032e-05
6.09208e-05
6.09384e-05
6.09560e-05
6.09567e-05
6.09736e-05
6.09912e-05
6.10088e-05
6.10198e-05
6.10265e-05
6.10441e-05
6.10618e-05
6.10794e-05
6.10828e-05
6.10971e-05
6.11148e-05
6.11325e-05
6.11460e-05
6.11502e-05
6.11679e-05
6.11856e-05
6.12033e-05
6.12091e-05
6.12210e-05
6.12388e-05
6.12565e-05
6.12723e-05
6.12743e-05
6.12921e-05
6.13099e-05
6.13276e-05
6.13355e-05
6.13454e-05
6.13632e-05
6.13811e-05
6.13988e-05
6.13989e-05
6.14167e-05
6.14346e-05
6.14524e-05
6.14621e-05
6.14703e-05
6.14882e-05
6.15061e-05
6.15240e-05
6.15255e-05
6.15419e-05
6.15598e-05
6.15777e-05
6.15889e-05
6.15956e-05
6.16136e-05
6.16315e-05
6.16495e-05
6.16524e-05
6.16675e-05
6.16854e-05
6.17034e-05
6.17159e-05
6.17214e-05
6.17395e-05
6.17575e-05
6.17755e-05
6.17794e-05
6.17936e-05
6.18116e-05
6.18297e-05
6.18430e-05
6.18478e-05
6.18658e-05
6.18839e-05
6.19020e-05
6.19067e-05
6.19202e-05
6.19383e-05
6.19564e-05
6.19704e-05
6.19746e-05
6.19927e-05
6.20109e-05
6.20291e-05
6.20342e-05
6.20473e-05
6.20655e-05
6.20837e-05
6.20980e-05
6.21019e-05
6.21201e-05
6.21384e-05
6.21566e-05
6.21619e-05
6.21749e-05
6.21932e-05
6.22115e-05
6.22258e-05
6.22298e-05
6.22481e-05
6.22664e-05
6.22847e-05
6.22898e-05
6.23031e-05
6.23214e-05
6.23398e-05
6.23538e-05
6.23582e-05
6.23765e-05
6.23949e-05
6.24134e-05
6.24179e-05
6.24318e-05
6.24502e-05
6.24686e-05
6.24821e-05
6.24871e-05
6.25056e-05
6.25240e-05
6.25425e-05
6.25463e-05
6.25610e-05
6.25795e-05
6.25980e-05
6.26105e-05
6.26166e-05
6.26351e-05
6.26537e-05
6.26722e-05
6.26748e-05
6.26908e-05
6.27094e-05
6.27280e-05
6.27392e-05
6.27466e-05
6.27652e-05
6.27838e-05
6.28025e-05
6.28037e-05
6.28211e-05
6.28398e-05
6.28585e-05
6.28681e-05
6.28771e-05
6.28958e-05
6.29146e-05
6.29327e-05
6.29333e-05
6.29520e-05
6.29707e-05
6.29895e-05
6.29973e-05
6.30083e-05
6.30270e-05
6.30458e-05
6.30619e-05
6.30646e-05
6.30834e-05
6.31022e-05
6.31211e-05
6.31266e-05
6.31399e-05
6.31588e-05
6.31776e-05
6.31914e-05
6.31965e-05
6.32154e-05
6.32343e-05
6.32532e-05
6.32562e-05
6.32721e-05
6.32910e-05
6.33100e-05
6.33210e-05
6.33289e-05
6.33479e-05
6.33668e-05
6.33858e-05
6.33859e-05
6.34048e-05
6.34238e-05
6.34428e-05
6.34508e-05
6.34618e-05
6.34809e-05
6.34999e-05
6.35158e-05
6.35190e-05
6.35380e-05
6.35571e-05
6.35762e-05
6.35808e-05
6.35953e-05
6.36144e-05
6.36335e-05
6.36459e-05
6.36526e-05
6.36718e-05
6.36909e-05
6.37101e-05
6.37110e-05
6.37292e-05
6.37484e-05
6.37676e-05
6.37761e-05
6.37868e-05
6.38060e-05
6.38252e-05
6.38413e-05
6.38444e-05
6.38637e-05
6.38829e-05
6.39022e-05
6.39065e-05
6.39214e-05
6.39407e-05
6.39600e-05
6.39718e-05
6.39793e-05
6.39986e-05
6.40179e-05
6.40370e-05
6.40372e-05
6.40565e-05
6.40759e-05
6.40952e-05
6.41023e-05
6.41146e-05
6.41340e-05
6.41533e-05
6.41677e-05
6.41727e-05
6.41921e-05
6.42115e-05
6.42310e-05
6.42330e-05
6.42504e-05
6.42698e-05
6.42893e-05
6.42984e-05
6.43087e-05
6.43282e-05
6.43477e-05
6.43638e-05
6.43672e-05
6.43867e-05
6.44062e-05
6.44257e-05
6.44293e-05
6.44452e-05
6.44647e-05
6.44843e-05
6.44948e-05
6.45038e-05
6.45234e-05
6.45430e-05
6.45603e-05
6.45626e-05
6.45821e-05
6.46018e-05
6.46214e-05
6.46258e-05
6.46410e-05
6.46606e-05
6.46803e-05
6.46914e-05
6.46999e-05
6.47196e-05
6.47392e-05
6.47570e-05
6.47589e-05
6.47786e-05
6.47983e-05
6.48180e-05
6.48226e-05
6.48377e-05
6.48575e-05
6.48772e-05
6.48883e-05
6.48969e-05
6.49167e-05
6.49365e-05
6.49540e-05
6.49562e-05
6.49760e-05
6.49958e-05
6.50156e-05
6.50197e-05
6.50355e-05
6.50553e-05
6.50751e-05
6.50854e-05
6.50950e-05
6.51148e-05
6.51347e-05
6.51512e-05
6.51546e-05
6.51745e-05
6.51944e-05
6.52143e-05
6.52170e-05
6.52342e-05
6.52541e-05
6.52741e-05
6.52828e-05
6.52940e-05
6.53140e-05
6.53339e-05
6.53487e-05
6.53539e-05
6.53739e-05
6.53939e-05
6.54139e-05
6.54146e-05
6.54339e-05
6.54540e-05
6.54740e-05
6.54805e-05
6.54941e-05
6.55141e-05
6.55342e-05
6.55465e-05
6.55543e-05
6.55744e-05
6.55945e-05
6.56125e-05
6.56146e-05
6.56348e-05
6.56549e-05
6.56751e-05
6.56786e-05
6.56952e-05
6.57154e-05
6.57356e-05
6.57447e-05
6.57558e-05
6.57760e-05
6.57962e-05
6.58108e-05
6.58164e-05
6.58367e-05
6.58569e-05
6.58770e-05
6.58772e-05
6.58975e-05
6.59178e-05
6.59381e-05
6.59432e-05
6.59584e-05
6.59787e-05
6.59990e-05
6.60094e-05
6.60194e-05
6.60397e-05
6.60601e-05
6.60757e-05
6.60805e-05
6.61009e-05
6.61213e-05
6.61417e-05
6.61421e-05
6.61621e-05
6.61826e-05
6.62030e-05
6.62084e-05
6.62235e-05
6.62439e-05
6.62644e-05
6.62749e-05
6.62849e-05
6.63054e-05
6.63260e-05
6.63413e-05
6.63465e-05
6.63670e-05
6.63876e-05
6.64078e-05
6.64082e-05
6.64287e-05
6.64493e-05
6.64699e-05
6.64744e-05
6.64905e-05
6.65112e-05
6.65318e-05
6.65410e-05
6.65525e-05
6.65731e-05
6.65938e-05
6.66076e-05
6.66145e-05
6.66352e-05
6.66559e-05
6.66743e-05
6.66766e-05
6.66974e-05
6.67181e-05
6.67389e-05
6.67410e-05
6.67596e-05
6.67804e-05
6.68012e-05
6.68078e-05
6.68220e-05
6.68429e-05
6.68637e-05
6.68746e-05
6.68845e-05
6.69054e-05
6.69263e-05
6.69415e-05
6.69471e-05
6.69680e-05
6.69889e-05
6.70084e-05
6.70099e-05
6.70308e-05
6.70517e-05
6.70727e-05
6.70753e-05
6.70937e-05
6.71146e-05
6.71356e-05
6.71423e-05
6.71566e-05
6.71776e-05
6.71987e-05
6.72094e-05
6.72197e-05
6.72408e-05
6.72618e-05
6.72764e-05
6.72829e-05
6.73040e-05
6.73251e-05
6.73436e-05
6.73462e-05
6.73673e-05
6.73885e-05
6.74096e-05
6.74107e-05
6.74308e-05
6.74520e-05
6.74731e-05
6.74779e-05
6.74943e-05
6.75155e-05
6.75368e-05
6.75452e-05
6.75580e-05
6.75793e-05
6.76005e-05
6.76124e-05
6.76218e-05
6.76431e-05
6.76644e-05
6.76798e-05
6.76857e-05
6.77070e-05
6.77283e-05
6.77471e-05
6.77497e-05
6.77710e-05
6.77924e-05
6.78138e-05
6.78146e-05
6.78352e-05
6.78566e-05
6.78780e-05
6.78820e-05
6.78995e-05
6.79209e-05
6.79424e-05
6.79495e-05
6.79638e-05
6.79853e-05
6.80068e-05
6.80170e-05
6.80283e-05
6.80498e-05
6.80714e-05
6.80846e-05
6.80929e-05
6.81145e-05
6.81360e-05
6.81522e-05
6.81576e-05
6.81792e-05
6.82008e-05
6.82199e-05
6.82225e-05
6.82441e-05
6.82657e-05
6.82874e-05
6.82876e-05
6.83091e-05
6.83308e-05
6.83525e-05
6.83553e-05
6.83742e-05
6.83959e-05
6.84176e-05
6.84231e-05
6.84394e-05
6.84611e-05
6.84829e-05
6.84909e-05
6.85047e-05
6.85265e-05
6.85483e-05
6.85588e-05
6.85701e-05
6.85920e-05
6.86138e-05
6.86267e-05
6.86357e-05
6.86576e-05
6.86795e-05
6.86946e-05
6.87014e-05
6.87233e-05
6.87452e-05
6.87626e-05
6.87671e-05
6.87891e-05
6.88111e-05
6.88307e-05
6.88331e-05
6.88550e-05
6.88771e-05
6.88987e-05
6.88991e-05
6.89211e-05
6.89432e-05
6.89652e-05
6.89669e-05
6.89873e-05
6.90094e-05
6.90315e-05
6.90350e-05
6.90536e-05
6.90757e-05
6.90979e-05
6.91032e-05
6.91200e-05
6.91422e-05
6.91644e-05
6.91715e-05
6.91866e-05
6.92088e-05
6.92310e-05
6.92398e-05
6.92532e-05
6.92755e-05
6.92977e-05
6.93081e-05
6.93200e-05
6.93423e-05
6.93646e-05
6.93765e-05
6.93869e-05
6.94092e-05
6.94316e-05
6.94449e-05
6.94539e-05
6.94763e-05
6.94987e-05
6.95134e-05
6.95211e-05
6.95435e-05
6.95659e-05
6.95819e-05
6.95884e-05
6.96108e-05
6.96333e-05
6.96504e-05
6.96558e-05
6.96782e-05
6.97008e-05
6.97190e-05
6.97233e-05
6.97458e-05
6.97684e-05
6.97877e-05
6.97909e-05
6.98135e-05
6.98361e-05
6.98564e-05
6.98587e-05
6.98813e-05
6.99039e-05
6.99251e-05
6.99266e-05
6.99492e-05
6.99719e-05
6.99939e-05
6.99946e-05
7.00173e-05
7.00400e-05
7.00627e-05
7.00627e-05
7.00854e-05
7.01082e-05
7.01310e-05
7.01315e-05
7.01537e-05
7.01765e-05
7.01994e-05
7.02004e-05
7.02222e-05
7.02450e-05
7.02679e-05
7.02694e-05
7.02907e-05
7.03136e-05
7.03365e-05
7.03384e-05
7.03594e-05
7.03823e-05
7.04052e-05
7.04074e-05
7.04282e-05
7.04511e-05
7.04741e-05
7.04765e-05
7.04971e-05
7.05201e-05
7.05431e-05
7.05456e-05
7.05662e-05
7.05892e-05
7.06123e-05
7.06147e-05
7.06353e-05
7.06584e-05
7.06815e-05
7.06839e-05
7.07046e-05
7.07277e-05
7.07509e-05
7.07531e-05
7.07740e-05
7.07972e-05
7.08204e-05
7.08224e-05
7.08436e-05
7.08668e-05
7.08900e-05
7.08917e-05
7.09132e-05
7.09365e-05
7.09598e-05
7.09610e-05
7.09830e-05
7.10063e-05
7.10296e-05
7.10304e-05
7.10530e-05
7.10763e-05
7.10996e-05
7.10998e-05
7.11230e-05
7.11464e-05
7.11693e-05
7.11698e-05
7.11932e-05
7.12166e-05
7.12388e-05
7.12400e-05
7.12635e-05
7.12869e-05
7.13083e-05
7.13104e-05
7.13339e-05
7.13574e-05
7.13779e-05
7.13809e-05
7.14044e-05
7.14280e-05
7.14475e-05
7.14515e-05
7.14751e-05
7.14987e-05
7.15171e-05
7.15223e-05
7.15459e-05
7.15695e-05
7.15868e-05
7.15932e-05
7.16168e-05
7.16405e-05
7.16565e-05
7.16642e-05
7.16879e-05
7.17116e-05
7.17263e-05
7.17353e-05
7.17590e-05
7.17828e-05
7.17961e-05
7.18066e-05
7.18304e-05
7.18542e-05
7.18659e-05
7.18780e-05
7.19018e-05
7.19256e-05
7.19358e-05
7.19495e-05
7.19734e-05
7.19972e-05
7.20057e-05
7.20211e-05
7.20451e-05
7.20690e-05
7.20756e-05
7.20929e-05
7.21169e-05
7.21409e-05
7.21456e-05
7.21648e-05
7.21888e-05
7.22129e-05
7.22156e-05
7.22369e-05
7.22609e-05
7.22850e-05
7.22857e-05
7.23091e-05
7.23331e-05
7.23558e-05
7.23572e-05
7.23814e-05
7.24055e-05
7.24259e-05
7.24296e-05
7.24538e-05
7.24780e-05
7.24961e-05
7.25022e-05
7.25264e-05
7.25506e-05
7.25663e-05
7.25748e-05
7.25991e-05
7.26234e-05
7.26366e-05
7.26476e-05
7.26719e-05
7.26963e-05
7.27069e-05
7.27206e-05
7.27449e-05
7.27693e-05
7.27772e-05
7.27937e-05
7.28180e-05
7.28424e-05
7.28476e-05
7.28669e-05
7.28913e-05
7.29158e-05
7.29181e-05
7.29402e-05
7.29647e-05
7.29885e-05
7.29892e-05
7.30137e-05
7.30382e-05
7.30590e-05
7.30628e-05
7.30873e-05
7.31119e-05
7.31296e-05
7.31365e-05
7.31611e-05
7.31857e-05
7.32002e-05
7.32104e-05
7.32350e-05
7.32597e-05
7.32708e-05
7.32844e-05
7.33091e-05
7.33338e-05
7.33415e-05
7.33585e-05
7.33833e-05
7.34080e-05
7.34122e-05
7.34328e-05
7.34576e-05
7.34824e-05
7.34830e-05
7.35072e-05
7.35321e-05
7.35538e-05
7.35569e-05
7.35818e-05
7.36067e-05
7.36246e-05
7.36316e-05
7.36565e-05
7.36815e-05
7.36955e-05
7.37064e-05
7.37314e-05
7.37564e-05
7.37665e-05
7.37814e-05
7.38064e-05
7.38314e-05
7.38375e-05
7.38565e-05
7.38816e-05
7.39067e-05
7.39085e-05
7.39317e-05
7.39569e-05
7.39795e-05
7.39820e-05
7.40071e-05
7.40323e-05
7.40506e-05
7.40575e-05
7.40827e-05
7.41079e-05
7.41218e-05
7.41331e-05
7.41584e-05
7.41836e-05
7.41930e-05
7.42089e-05
7.42342e-05
7.42595e-05
7.42642e-05
7.42849e-05
7.43102e-05
7.43355e-05
7.43356e-05
7.43609e-05
7.43863e-05
7.44068e-05
7.44117e-05
7.44372e-05
7.44626e-05
7.44782e-05
7.44881e-05
7.45135e-05
7.45390e-05
7.45496e-05
7.45645e-05
7.45901e-05
7.46156e-05
7.46210e-05
7.46412e-05
7.46667e-05
7.46923e-05
7.46925e-05
7.47179e-05
7.47435e-05
7.47640e-05
7.47692e-05
7.47948e-05
7.48205e-05
7.48356e-05
7.48462e-05
7.48719e-05
7.48976e-05
7.49072e-05
7.49234e-05
7.49491e-05
7.49749e-05
7.49788e-05
7.50007e-05
7.50265e-05
7.50505e-05
7.50523e-05
7.50781e-05
7.51040e-05
7.51222e-05
7.51299e-05
7.51557e-05
7.51816e-05
7.51940e-05
7.52076e-05
7.52335e-05
7.52594e-05
7.52658e-05
7.52854e-05
7.53114e-05
7.53374e-05
7.53376e-05
7.53634e-05
7.53895e-05
7.54095e-05
7.54155e-05
7.54416e-05
7.54677e-05
7.54814e-05
7.54938e-05
7.55199e-05
7.55460e-05
7.55533e-05
7.55722e-05
7.55983e-05
7.56245e-05
7.56253e-05
7.56507e-05
7.56769e-05
7.56974e-05
7.57032e-05
7.57294e-05
7.57557e-05
7.57694e-05
7.57820e-05
7.58083e-05
7.58346e-05
7.58415e-05
7.58609e-05
7.58873e-05
7.59137e-05
7.59137e-05
7.59401e-05
7.59665e-05
7.59859e-05
7.59929e-05
7.60193e-05
7.60458e-05
7.60581e-05
7.60723e-05
7.60987e-05
7.61253e-05
7.61303e-05
7.61518e-05
7.61783e-05
7.62026e-05
7.62049e-05
7.62315e-05
7.62581e-05
7.62750e-05
7.62847e-05
7.63113e-05
7.63379e-05
7.63474e-05
7.63646e-05
7.63913e-05
7.64180e-05
7.64198e-05
7.64447e-05
7.64714e-05
7.64922e-05
7.64982e-05
7.65250e-05
7.65518e-05
7.65647e-05
7.65786e-05
7.66054e-05
7.66322e-05
7.66373e-05
7.66591e-05
7.66860e-05
7.67099e-05
7.67129e-05
7.67398e-05
7.67667e-05
7.67825e-05
7.67936e-05
7.68206e-05
7.68476e-05
7.68551e-05
7.68746e-05
7.69016e-05
7.69278e-05
7.69287e-05
7.69557e-05
7.69828e-05
7.70006e-05
7.70099e-05
7.70370e-05
7.70641e-05
7.70734e-05
7.70913e-05
7.71184e-05
7.71456e-05
7.71462e-05
7.71728e-05
7.72001e-05
7.72191e-05
7.72273e-05
7.72546e-05
7.72818e-05
7.72920e-05
7.73091e-05
7.73364e-05
7.73638e-05
7.73650e-05
7.73911e-05
7.74185e-05
7.74380e-05
7.74459e-05
7.74733e-05
7.75007e-05
7.75110e-05
7.75282e-05
7.75557e-05
7.75831e-05
7.75841e-05
7.76106e-05
7.76382e-05
7.76573e-05
7.76657e-05
7.76933e-05
7.77208e-05
7.77304e-05
7.77484e-05
7.77761e-05
7.78037e-05
7.78037e-05
7.78314e-05
7.78590e-05
7.78769e-05
7.78867e-05
7.79144e-05
7.79422e-05
7.79502e-05
7.79699e-05
7.79977e-05
7.80236e-05
7.80255e-05
7.80533e-05
7.80811e-05
7.80970e-05
7.81090e-05
7.81368e-05
7.81647e-05
7.81704e-05
7.81926e-05
7.82206e-05
7.82439e-05
7.82485e-05
7.82765e-05
7.83044e-05
7.83174e-05
7.83324e-05
7.83605e-05
7.83885e-05
7.83910e-05
7.84166e-05
7.84446e-05
7.84646e-05
7.84727e-05
7.85009e-05
7.85290e-05
7.85382e-05
7.85572e-05
7.85853e-05
7.86119e-05
7.86135e-05
7.86417e-05
7.86700e-05
7.86856e-05
7.86982e-05
7.87265e-05
7.87548e-05
7.87594e-05
7.87831e-05
7.88114e-05
7.88332e-05
7.88398e-05
7.88681e-05
7.88965e-05
7.89071e-05
7.89249e-05
7.89533e-05
7.89810e-05
7.89818e-05
7.90103e-05
7.90387e-05
7.90549e-05
7.90672e-05
7.90958e-05
7.91243e-05
7.91288e-05
7.91529e-05
7.91814e-05
7.92028e-05
7.92100e-05
7.92386e-05
7.92673e-05
7.92769e-05
7.92959e-05
7.93246e-05
7.93509e-05
7.93533e-05
7.93820e-05
7.94107e-05
7.94250e-05
7.94395e-05
7.94683e-05
7.94971e-05
7.94992e-05
7.95259e-05
7.95547e-05
7.95734e-05
7.95835e-05
7.96124e-05
7.96413e-05
7.96476e-05
7.96702e-05
7.96991e-05
7.97218e-05
7.97281e-05
7.97570e-05
7.97860e-05
7.97961e-05
7.98150e-05
7.98440e-05
7.98704e-05
7.98730e-05
7.99021e-05
7.99312e-05
7.99447e-05
7.99603e-05
7.99894e-05
8.00185e-05
8.00191e-05
8.00477e-05
8.00768e-05
8.00935e-05
8.01060e-05
8.01352e-05
8.01645e-05
8.01680e-05
8.01937e-05
8.02230e-05
8.02424e-05
8.02523e-05
8.02816e-05
8.03109e-05
8.03169e-05
8.03402e-05
8.03696e-05
8.03915e-05
8.03990e-05
8.04284e-05
8.04578e-05
8.04661e-05
8.04873e-05
8.05167e-05
8.05407e-05
8.05462e-05
8.05757e-05
8.06052e-05
8.06153e-05
8.06348e-05
8.06643e-05
8.06900e-05
8.06939e-05
8.07235e-05
8.07531e-05
8.07647e-05
8.07828e-05
8.08124e-05
8.08394e-05
8.08421e-05
8.08718e-05
8.09015e-05
8.09142e-05
8.09312e-05
8.09610e-05
8.09890e-05
8.09908e-05
8.10206e-05
8.10504e-05
8.10638e-05
8.10802e-05
8.11101e-05
8.11387e-05
8.11400e-05
8.11699e-05
8.11998e-05
8.12136e-05
8.12297e-05
8.12597e-05
8.12885e-05
8.12896e-05
8.13196e-05
8.13497e-05
8.13635e-05
8.13797e-05
8.14098e-05
8.14385e-05
8.14398e-05
8.14699e-05
8.15001e-05
8.15135e-05
8.15302e-05
8.15604e-05
8.15886e-05
8.15906e-05
8.16208e-05
8.16510e-05
8.16637e-05
8.16812e-05
8.17115e-05
8.17388e-05
8.17418e-05
8.17721e-05
8.18024e-05
8.18140e-05
8.18328e-05
8.18631e-05
8.18892e-05
8.18935e-05
8.19239e-05
8.19544e-05
8.19645e-05
8.19848e-05
8.20153e-05
8.20397e-05
8.20458e-05
8.20763e-05
8.21069e-05
8.21151e-05
8.21374e-05
8.21680e-05
8.21904e-05
8.21986e-05
8.22293e-05
8.22599e-05
8.22658e-05
8.22906e-05
8.23213e-05
8.23412e-05
8.23520e-05
8.23827e-05
8.24135e-05
8.24167e-05
8.24443e-05
8.24751e-05
8.24922e-05
8.25059e-05
8.25367e-05
8.25676e-05
8.25678e-05
8.25985e-05
8.26294e-05
8.26434e-05
8.26603e-05
8.26913e-05
8.27190e-05
8.27223e-05
8.27533e-05
8.27843e-05
8.27946e-05
8.28154e-05
8.28464e-05
8.28704e-05
8.28775e-05
8.29087e-05
8.29398e-05
8.29461e-05
8.29710e-05
8.30022e-05
8.30219e-05
8.30334e-05
8.30646e-05
8.30959e-05
8.30977e-05
8.31271e-05
8.31584e-05
8.31736e-05
8.31898e-05
8.32211e-05
8.32495e-05
8.32525e-05
8.32839e-05
8.33153e-05
8.33255e-05
8.33468e-05
8.33782e-05
8.34015e-05
8.34097e-05
8.34413e-05
8.34728e-05
8.34776e-05
8.35044e-05
8.35360e-05
8.35537e-05
8.35676e-05
8.35992e-05
8.36298e-05
8.36309e-05
8.36626e-05
8.36943e-05
8.37060e-05
8.37260e-05
8.37578e-05
8.37823e-05
8.37896e-05
8.38214e-05
8.38532e-05
8.38586e-05
8.38851e-05
8.39170e-05
8.39349e-05
8.39489e-05
8.39809e-05
8.40113e-05
8.40128e-05
8.40448e-05
8.40768e-05
8.40877e-05
8.41089e-05
8.41409e-05
8.41642e-05
8.41730e-05
8.42052e-05
8.42373e-05
8.42408e-05
8.42695e-05
8.43017e-05
8.43174e-05
8.43339e-05
8.43662e-05
8.43940e-05
8.43985e-05
8.44308e-05
8.44631e-05
8.44707e-05
8.44955e-05
8.45278e-05
8.45475e-05
8.45603e-05
8.45927e-05
8.46243e-05
8.46252e-05
8.46577e-05
8.46902e-05
8.47012e-05
8.47227e-05
8.47553e-05
8.47781e-05
8.47879e-05
8.48205e-05
8.48532e-05
8.48551e-05
8.48859e-05
8.49186e-05
8.49321e-05
8.49513e-05
8.49841e-05
8.50092e-05
8.50169e-05
8.50497e-05
8.50826e-05
8.50864e-05
8.51154e-05
8.51484e-05
8.51636e-05
8.51813e-05
8.52143e-05
8.52408e-05
8.52472e-05
8.52803e-05
8.53133e-05
8.53181e-05
8.53464e-05
8.53795e-05
8.53955e-05
8.54126e-05
8.54458e-05
8.54729e-05
8.54790e-05
8.55122e-05
8.55454e-05
8.55504e-05
8.55787e-05
8.56120e-05
8.56280e-05
8.56453e-05
8.56787e-05
8.57056e-05
8.57121e-05
8.57455e-05
8.57789e-05
8.57832e-05
8.58124e-05
8.58459e-05
8.58609e-05
8.58794e-05
8.59130e-05
8.59387e-05
8.59465e-05
8.59802e-05
8.60138e-05
8.60165e-05
8.60475e-05
8.60812e-05
8.60944e-05
8.61149e-05
8.61487e-05
8.61723e-05
8.61824e-05
8.62163e-05
8.62501e-05
8.62503e-05
8.62840e-05
8.63179e-05
8.63283e-05
8.63518e-05
8.63858e-05
8.64064e-05
8.64197e-05
8.64538e-05
8.64845e-05
8.64878e-05
8.65219e-05
8.65560e-05
8.65627e-05
8.65901e-05
8.66243e-05
8.66410e-05
8.66585e-05
8.66927e-05
8.67193e-05
8.67269e-05
8.67612e-05
8.67955e-05
8.67977e-05
8.68299e-05
8.68642e-05
8.68761e-05
8.68986e-05
8.69331e-05
8.69545e-05
8.69675e-05
8.70020e-05
8.70331e-05
8.70365e-05
8.70711e-05
8.71056e-05
8.71116e-05
8.71402e-05
8.71749e-05
8.71903e-05
8.72095e-05
8.72442e-05
8.72690e-05
8.72790e-05
8.73137e-05
8.73477e-05
8.73485e-05
8.73833e-05
8.74181e-05
8.74265e-05
8.74530e-05
8.74879e-05
8.75053e-05
8.75229e-05
8.75578e-05
8.75842e-05
8.75928e-05
8.76279e-05
8.76629e-05
8.76632e-05
8.76980e-05
8.77331e-05
8.77422e-05
8.77683e-05
8.78034e-05
8.78213e-05
8.78387e-05
8.78739e-05
8.79004e-05
8.79092e-05
8.79445e-05
8.79796e-05
8.79798e-05
8.80152e-05
8.80506e-05
8.80588e-05
8.80860e-05
8.81215e-05
8.81381e-05
8.81570e-05
8.81925e-05
8.82175e-05
8.82281e-05
8.82637e-05
8.82969e-05
8.82993e-05
8.83349e-05
8.83706e-05
8.83764e-05
8.84064e-05
8.84421e-05
8.84559e-05
8.84779e-05
8.85137e-05
8.85355e-05
8.85496e-05
8.85854e-05
8.86151e-05
8.86214e-05
8.86573e-05
8.86933e-05
8.86949e-05
8.87293e-05
8.87654e-05
8.87746e-05
8.88015e-05
8.88376e-05
8.88545e-05
8.88737e-05
8.89099e-05
8.89344e-05
8.89461e-05
8.89824e-05
8.90143e-05
8.90187e-05
8.90550e-05
8.90913e-05
8.90944e-05
8.91277e-05
8.91642e-05
8.91745e-05
8.92006e-05
8.92371e-05
8.92546e-05
8.92736e-05
8.93102e-05
8.93348e-05
8.93468e-05
8.93834e-05
8.94151e-05
8.94201e-05
8.94568e-05
8.94935e-05
8.94955e-05
8.95303e-05
8.95671e-05
8.95759e-05
