SF_Version 0.9.3
03-Sep-2024 23:12:15
Temp(K) Pressure(MPa) Temp(K) Pressure(MPa)  Points 
357.0233 2300.0000 351.8204 2138.6950 376.0000
###########################################################
DV (m^3/kg)
3.52286e-05
3.52360e-05
3.52397e-05
3.52435e-05
3.52510e-05
3.52585e-05
3.52660e-05
3.52735e-05
3.52810e-05
3.52877e-05
3.52884e-05
3.52959e-05
3.53034e-05
3.53109e-05
3.53184e-05
3.53259e-05
3.53334e-05
3.53357e-05
3.53409e-05
3.53484e-05
3.53559e-05
3.53634e-05
3.53709e-05
3.53784e-05
3.53837e-05
3.53859e-05
3.53935e-05
3.54010e-05
3.54085e-05
3.54160e-05
3.54235e-05
3.54310e-05
3.54316e-05
3.54386e-05
3.54461e-05
3.54536e-05
3.54611e-05
3.54687e-05
3.54762e-05
3.54796e-05
3.54837e-05
3.54912e-05
3.54988e-05
3.55063e-05
3.55138e-05
3.55214e-05
3.55276e-05
3.55289e-05
3.55365e-05
3.55440e-05
3.55516e-05
3.55591e-05
3.55666e-05
3.55742e-05
3.55756e-05
3.55817e-05
3.55893e-05
3.55969e-05
3.56044e-05
3.56120e-05
3.56195e-05
3.56235e-05
3.56271e-05
3.56346e-05
3.56422e-05
3.56498e-05
3.56573e-05
3.56649e-05
3.56715e-05
3.56725e-05
3.56801e-05
3.56876e-05
3.56952e-05
3.57028e-05
3.57104e-05
3.57180e-05
3.57195e-05
3.57255e-05
3.57331e-05
3.57407e-05
3.57483e-05
3.57559e-05
3.57635e-05
3.57675e-05
3.57711e-05
3.57787e-05
3.57863e-05
3.57939e-05
3.58015e-05
3.58091e-05
3.58155e-05
3.58167e-05
3.58243e-05
3.58319e-05
3.58395e-05
3.58471e-05
3.58547e-05
3.58623e-05
3.58635e-05
3.58699e-05
3.58776e-05
3.58852e-05
3.58928e-05
3.59004e-05
3.59081e-05
3.59115e-05
3.59157e-05
3.59233e-05
3.59309e-05
3.59386e-05
3.59462e-05
3.59538e-05
3.59595e-05
3.59615e-05
3.59691e-05
3.59768e-05
3.59844e-05
3.59921e-05
3.59997e-05
3.60074e-05
3.60076e-05
3.60150e-05
3.60227e-05
3.60303e-05
3.60380e-05
3.60456e-05
3.60533e-05
3.60556e-05
3.60610e-05
3.60686e-05
3.60763e-05
3.60840e-05
3.60916e-05
3.60993e-05
3.61037e-05
3.61070e-05
3.61146e-05
3.61223e-05
3.61300e-05
3.61377e-05
3.61454e-05
3.61517e-05
3.61531e-05
3.61607e-05
3.61684e-05
3.61761e-05
3.61838e-05
3.61915e-05
3.61992e-05
3.61998e-05
3.62069e-05
3.62146e-05
3.62223e-05
3.62300e-05
3.62377e-05
3.62454e-05
3.62479e-05
3.62532e-05
3.62609e-05
3.62686e-05
3.62763e-05
3.62840e-05
3.62917e-05
3.62960e-05
3.62995e-05
3.63072e-05
3.63149e-05
3.63226e-05
3.63304e-05
3.63381e-05
3.63441e-05
3.63458e-05
3.63536e-05
3.63613e-05
3.63691e-05
3.63768e-05
3.63845e-05
3.63923e-05
3.63923e-05
3.64000e-05
3.64078e-05
3.64156e-05
3.64233e-05
3.64311e-05
3.64388e-05
3.64404e-05
3.64466e-05
3.64543e-05
3.64621e-05
3.64699e-05
3.64777e-05
3.64854e-05
3.64886e-05
3.64932e-05
3.65010e-05
3.65088e-05
3.65165e-05
3.65243e-05
3.65321e-05
3.65368e-05
3.65399e-05
3.65477e-05
3.65555e-05
3.65633e-05
3.65711e-05
3.65789e-05
3.65850e-05
3.65867e-05
3.65945e-05
3.66023e-05
3.66101e-05
3.66179e-05
3.66257e-05
3.66332e-05
3.66335e-05
3.66413e-05
3.66491e-05
3.66569e-05
3.66648e-05
3.66726e-05
3.66804e-05
3.66814e-05
3.66882e-05
3.66961e-05
3.67039e-05
3.67117e-05
3.67196e-05
3.67274e-05
3.67297e-05
3.67352e-05
3.67431e-05
3.67509e-05
3.67588e-05
3.67666e-05
3.67745e-05
3.67779e-05
3.67823e-05
3.67902e-05
3.67980e-05
3.68059e-05
3.68138e-05
3.68216e-05
3.68262e-05
3.68295e-05
3.68374e-05
3.68452e-05
3.68531e-05
3.68610e-05
3.68689e-05
3.68746e-05
3.68767e-05
3.68846e-05
3.68925e-05
3.69004e-05
3.69083e-05
3.69162e-05
3.69229e-05
3.69241e-05
3.69320e-05
3.69399e-05
3.69478e-05
3.69557e-05
3.69636e-05
3.69713e-05
3.69715e-05
3.69794e-05
3.69873e-05
3.69952e-05
3.70031e-05
3.70110e-05
3.70190e-05
3.70196e-05
3.70269e-05
3.70348e-05
3.70427e-05
3.70507e-05
3.70586e-05
3.70665e-05
3.70680e-05
3.70745e-05
3.70824e-05
3.70904e-05
3.70983e-05
3.71062e-05
3.71142e-05
3.71165e-05
3.71221e-05
3.71301e-05
3.71380e-05
3.71460e-05
3.71540e-05
3.71619e-05
3.71649e-05
3.71699e-05
3.71779e-05
3.71858e-05
3.71938e-05
3.72018e-05
3.72097e-05
3.72134e-05
3.72177e-05
3.72257e-05
3.72337e-05
3.72417e-05
3.72497e-05
3.72576e-05
3.72619e-05
3.72656e-05
3.72736e-05
3.72816e-05
3.72896e-05
3.72976e-05
3.73056e-05
3.73104e-05
3.73136e-05
3.73216e-05
3.73297e-05
3.73377e-05
3.73457e-05
3.73537e-05
3.73589e-05
3.73617e-05
3.73697e-05
3.73778e-05
3.73858e-05
3.73938e-05
3.74019e-05
3.74075e-05
3.74099e-05
3.74179e-05
3.74260e-05
3.74340e-05
3.74421e-05
3.74501e-05
3.74561e-05
3.74582e-05
3.74662e-05
3.74743e-05
3.74823e-05
3.74904e-05
3.74984e-05
3.75047e-05
3.75065e-05
3.75146e-05
3.75226e-05
3.75307e-05
3.75388e-05
3.75469e-05
3.75533e-05
3.75549e-05
3.75630e-05
3.75711e-05
3.75792e-05
3.75873e-05
3.75954e-05
3.76020e-05
3.76035e-05
3.76116e-05
3.76197e-05
3.76278e-05
3.76359e-05
3.76440e-05
3.76507e-05
3.76521e-05
3.76602e-05
3.76683e-05
3.76764e-05
3.76845e-05
3.76926e-05
3.76994e-05
3.77008e-05
3.77089e-05
3.77170e-05
3.77251e-05
3.77333e-05
3.77383e-05
